# Created by Octave 6.4.0, Tue Nov 21 17:14:42 2023 EST <vpixx@vpixx>
# name: trial_records
# type: scalar struct
# ndims: 2
 1 1
# length: 7
# name: stimulus
# type: sq_string
# elements: 1
# length: 10
face10.jpg


# name: positionX
# type: scalar
960


# name: positionY
# type: scalar
540


# name: reaction_time
# type: scalar
0.0011999607086181641


# name: on_target_time
# type: scalar
4.0086920261383057


# name: trial_error
# type: sq_string
# elements: 1
# length: 8
no_error


# name: gaze_position
# type: matrix
# rows: 2
# columns: 600
 935 936 936 937 937 938 938 938 938 938 938 938 938 938 938 938 938 938 938 938 938 938 938 938 938 938 938 943 946 949 952 955 958 961 962 963 963 963 963 963 963 963 963 963 963 963 963 963 963 963 963 963 963 963 963 963 963 963 963 963 963 963 963 963 963 963 963 963 963 963 963 963 963 963 963 963 963 963 963 963 963 963 963 963 963 963 963 963 963 963 963 963 963 963 963 963 963 963 963 963 963 963 963 963 963 963 963 963 963 963 963 963 963 963 963 963 963 963 963 963 963 963 963 963 963 963 963 963 963 963 963 963 963 963 963 963 963 963 963 963 963 963 963 963 963 963 963 963 963 963 963 963 963 963 963 963 963 963 963 963 963 963 963 963 963 963 963 963 963 963 963 963 963 963 963 963 963 963 963 963 963 963 963 963 963 963 963 963 963 963 963 963 963 963 963 963 963 963 963 963 963 963 963 963 963 963 963 963 963 963 963 963 963 963 963 963 963 963 963 963 963 963 963 963 963 963 963 963 963 963 963 963 963 963 963 963 963 963 963 963 963 963 963 963 963 963 963 963 963 963 963 963 963 963 963 963 963 963 963 963 963 963 963 963 963 963 963 963 963 963 963 963 963 963 963 963 963 963 963 963 963 963 963 963 963 963 963 963 963 963 963 963 963 963 963 963 963 963 963 963 963 963 963 963 963 963 963 963 963 963 963 963 963 963 963 963 963 963 963 963 963 963 963 963 963 963 963 963 963 963 963 963 963 963 963 963 963 963 963 963 963 963 963 963 963 963 963 963 963 963 963 963 963 963 963 963 963 963 963 963 963 963 963 963 963 963 963 963 963 963 963 963 963 963 963 963 963 963 963 963 963 963 963 963 963 963 963 963 963 963 963 963 963 963 963 963 963 963 963 963 963 963 963 963 963 963 963 963 963 963 963 963 963 963 963 963 963 963 963 963 963 963 963 963 963 963 963 963 963 963 963 963 963 963 963 963 963 963 963 963 963 963 963 963 963 963 963 963 963 963 963 963 963 963 963 973 993 1023 1057 1093 1129 1161 1187 1209 1226 1234 1240 1240 1240 1240 1240 1240 1240 1240 1240 1240 1240 1240 1240 1240 NaN NaN NaN NaN NaN NaN NaN NaN NaN NaN NaN NaN NaN NaN NaN NaN NaN NaN NaN NaN NaN NaN NaN NaN NaN NaN NaN NaN NaN NaN NaN NaN NaN NaN NaN NaN NaN NaN NaN NaN NaN NaN NaN NaN NaN NaN NaN NaN NaN NaN NaN NaN NaN NaN NaN NaN NaN NaN NaN NaN NaN NaN NaN NaN NaN NaN NaN NaN NaN NaN NaN NaN NaN NaN NaN NaN NaN NaN NaN NaN NaN NaN NaN NaN NaN NaN NaN NaN NaN NaN NaN NaN NaN NaN NaN NaN NaN NaN NaN NaN NaN NaN NaN NaN NaN NaN NaN NaN NaN NaN NaN NaN NaN NaN NaN NaN NaN NaN NaN NaN
 673 673 673 672 672 672 672 672 672 672 672 672 672 672 672 672 672 672 672 672 672 672 672 672 672 672 671 664 654 646 635 624 611 604 596 593 590 587 585 582 579 576 573 571 568 566 565 564 563 562 562 562 562 562 562 562 562 562 562 562 562 562 562 562 562 562 562 562 562 562 562 562 562 562 562 562 562 562 562 562 562 562 562 562 562 562 562 562 562 562 562 562 562 562 562 562 562 562 562 562 562 562 562 562 562 562 562 562 562 562 562 562 562 562 562 562 562 562 562 562 562 562 562 562 562 562 562 562 562 562 562 562 562 562 562 562 562 562 562 562 562 562 562 562 562 562 562 562 562 562 562 562 562 562 562 562 562 562 562 562 562 562 562 562 562 562 562 562 562 562 562 562 562 562 562 562 562 562 562 562 562 562 562 562 562 562 562 562 562 562 562 562 562 562 562 562 562 562 562 562 562 562 562 562 562 562 562 562 562 562 562 562 562 562 562 562 562 562 562 562 562 562 562 562 562 562 562 562 562 562 562 562 562 562 562 562 562 562 562 562 562 562 562 562 562 562 562 562 562 562 562 562 562 562 562 562 562 562 562 562 562 562 562 562 562 562 562 562 562 562 562 562 562 562 562 562 562 562 562 562 562 562 562 562 562 562 562 562 562 562 562 562 562 562 562 562 562 562 562 562 562 562 562 562 562 562 562 562 562 562 562 562 562 562 562 562 562 562 562 562 562 562 562 562 562 562 562 562 562 562 562 562 562 562 562 562 562 562 562 562 562 562 562 562 562 562 562 562 562 562 562 562 562 562 562 562 562 562 562 562 562 562 562 562 562 562 562 562 562 562 562 562 562 562 562 562 562 562 562 562 562 562 562 562 562 562 562 562 562 562 562 562 562 562 562 562 562 562 562 562 562 562 562 562 562 562 562 562 562 562 562 562 562 562 562 562 562 562 562 562 562 562 562 562 562 562 562 562 562 562 562 562 562 562 562 562 562 562 562 562 562 562 562 562 562 562 562 562 562 562 562 562 562 562 562 564 565 565 567 567 569 573 575 579 583 585 587 587 587 587 588 588 588 588 588 588 588 588 588 588 NaN NaN NaN NaN NaN NaN NaN NaN NaN NaN NaN NaN NaN NaN NaN NaN NaN NaN NaN NaN NaN NaN NaN NaN NaN NaN NaN NaN NaN NaN NaN NaN NaN NaN NaN NaN NaN NaN NaN NaN NaN NaN NaN NaN NaN NaN NaN NaN NaN NaN NaN NaN NaN NaN NaN NaN NaN NaN NaN NaN NaN NaN NaN NaN NaN NaN NaN NaN NaN NaN NaN NaN NaN NaN NaN NaN NaN NaN NaN NaN NaN NaN NaN NaN NaN NaN NaN NaN NaN NaN NaN NaN NaN NaN NaN NaN NaN NaN NaN NaN NaN NaN NaN NaN NaN NaN NaN NaN NaN NaN NaN NaN NaN NaN NaN NaN NaN NaN NaN NaN




