# Created by Octave 6.4.0, Wed Oct 11 14:57:35 2023 EDT <vpixx@vpixx>
# name: trial_records
# type: struct
# ndims: 2
 1 3
# length: 7
# name: stimulus
# type: cell
# rows: 1
# columns: 3
# name: <cell-element>
# type: sq_string
# elements: 1
# length: 10
face10.jpg



# name: <cell-element>
# type: sq_string
# elements: 1
# length: 10
face10.jpg



# name: <cell-element>
# type: sq_string
# elements: 1
# length: 10
face10.jpg





# name: positionX
# type: cell
# rows: 1
# columns: 3
# name: <cell-element>
# type: scalar
960



# name: <cell-element>
# type: scalar
960



# name: <cell-element>
# type: scalar
960





# name: positionY
# type: cell
# rows: 1
# columns: 3
# name: <cell-element>
# type: scalar
540



# name: <cell-element>
# type: scalar
540



# name: <cell-element>
# type: scalar
540





# name: reaction_time
# type: cell
# rows: 1
# columns: 3
# name: <cell-element>
# type: scalar
NaN



# name: <cell-element>
# type: scalar
NaN



# name: <cell-element>
# type: scalar
NaN





# name: on_target_time
# type: cell
# rows: 1
# columns: 3
# name: <cell-element>
# type: scalar
NaN



# name: <cell-element>
# type: scalar
NaN



# name: <cell-element>
# type: scalar
NaN





# name: trial_error
# type: cell
# rows: 1
# columns: 3
# name: <cell-element>
# type: sq_string
# elements: 1
# length: 11
no_fixation



# name: <cell-element>
# type: sq_string
# elements: 1
# length: 11
no_fixation



# name: <cell-element>
# type: sq_string
# elements: 1
# length: 11
no_fixation





# name: gaze_position
# type: cell
# rows: 1
# columns: 3
# name: <cell-element>
# type: matrix
# rows: 2
# columns: 600
 -21.028516839097534 -23.90016379035535 -22.284862380272827 -24.259119659262581 -20.310605101283087 -22.464340314726442 -24.618075528169797 -23.002774118087288 -22.823296183633673 -21.746428576911995 -22.284862380272827 -24.259119659262581 -21.925906511365611 -24.797553462623412 -22.464340314726442 -23.90016379035535 -26.771810741613166 -23.720685855901735 -22.105384445819212 -24.438597593716196 -23.90016379035535 -24.079641724808965 -21.387472708004765 -22.823296183633673 -23.90016379035535 -21.746428576911995 -22.464340314726442 -22.823296183633673 -22.464340314726442 -23.90016379035535 -23.182252052540903 -23.90016379035535 -23.361729986994504 -22.105384445819212 -21.746428576911995 -22.464340314726442 -24.618075528169797 -22.105384445819212 -22.464340314726442 -21.387472708004765 -22.464340314726442 -24.438597593716196 -20.669560970190304 -22.464340314726442 -20.310605101283087 -25.694943134891489 -24.259119659262581 -17.977391953386103 -21.56695064245838 -22.284862380272827 -24.079641724808965 -24.618075528169797 -22.464340314726442 -24.797553462623412 -21.746428576911995 -22.464340314726442 -23.002774118087288 -22.105384445819212 -23.54120792144812 -23.182252052540903 -23.54120792144812 -22.464340314726442 -21.028516839097534 -25.335987265984258 -23.361729986994504 -24.079641724808965 -21.387472708004765 -22.823296183633673 -20.669560970190304 -22.464340314726442 -23.182252052540903 -25.694943134891489 -22.464340314726442 -20.669560970190304 -20.849038904643919 -23.361729986994504 NaN NaN NaN NaN NaN NaN NaN NaN NaN NaN NaN NaN NaN NaN NaN NaN NaN NaN NaN NaN NaN NaN NaN NaN NaN NaN NaN NaN NaN NaN NaN NaN NaN NaN NaN NaN NaN NaN NaN NaN NaN NaN NaN NaN NaN NaN NaN NaN NaN NaN NaN NaN NaN NaN NaN NaN NaN NaN NaN NaN NaN NaN NaN NaN NaN NaN NaN NaN NaN NaN NaN NaN NaN NaN NaN NaN NaN NaN NaN NaN NaN NaN NaN NaN NaN NaN NaN NaN NaN NaN NaN NaN NaN NaN NaN NaN NaN NaN NaN NaN NaN NaN NaN NaN NaN NaN NaN NaN NaN NaN NaN NaN NaN NaN NaN NaN NaN NaN NaN NaN NaN NaN NaN NaN NaN NaN NaN NaN NaN NaN NaN NaN NaN NaN NaN NaN NaN NaN NaN NaN NaN NaN NaN NaN NaN NaN NaN NaN NaN NaN NaN NaN NaN NaN NaN NaN NaN NaN NaN NaN NaN NaN NaN NaN NaN NaN NaN NaN NaN NaN NaN NaN NaN NaN NaN NaN NaN NaN NaN NaN NaN NaN NaN NaN NaN NaN NaN NaN NaN NaN NaN NaN NaN NaN NaN NaN NaN NaN NaN NaN NaN NaN NaN NaN NaN NaN NaN NaN NaN NaN NaN NaN NaN NaN NaN NaN NaN NaN NaN NaN NaN NaN NaN NaN NaN NaN NaN NaN NaN NaN NaN NaN NaN NaN NaN NaN NaN NaN NaN NaN NaN NaN NaN NaN NaN NaN NaN NaN NaN NaN NaN NaN NaN NaN NaN NaN NaN NaN NaN NaN NaN NaN NaN NaN NaN NaN NaN NaN NaN NaN NaN NaN NaN NaN NaN NaN NaN NaN NaN NaN NaN NaN NaN NaN NaN NaN NaN NaN NaN NaN NaN NaN NaN NaN NaN NaN NaN NaN NaN NaN NaN NaN NaN NaN NaN NaN NaN NaN NaN NaN NaN NaN NaN NaN NaN NaN NaN NaN NaN NaN NaN NaN NaN NaN NaN NaN NaN NaN NaN NaN NaN NaN NaN NaN NaN NaN NaN NaN NaN NaN NaN NaN NaN NaN NaN NaN NaN NaN NaN NaN NaN NaN NaN NaN NaN NaN NaN NaN NaN NaN NaN NaN NaN NaN NaN NaN NaN NaN NaN NaN NaN NaN NaN NaN NaN NaN NaN NaN NaN NaN NaN NaN NaN NaN NaN NaN NaN NaN NaN NaN NaN NaN NaN NaN NaN NaN NaN NaN NaN NaN NaN NaN NaN NaN NaN NaN NaN NaN NaN NaN NaN NaN NaN NaN NaN NaN NaN NaN NaN NaN NaN NaN NaN NaN NaN NaN NaN NaN NaN NaN NaN NaN NaN NaN NaN NaN NaN NaN NaN NaN NaN NaN NaN NaN NaN NaN NaN NaN NaN NaN NaN NaN NaN NaN NaN NaN NaN NaN NaN NaN NaN NaN NaN NaN NaN NaN NaN NaN NaN NaN NaN NaN NaN NaN NaN NaN NaN NaN NaN NaN NaN NaN NaN NaN NaN NaN NaN NaN NaN NaN NaN NaN NaN NaN NaN NaN NaN NaN NaN NaN NaN NaN NaN NaN NaN NaN NaN NaN NaN NaN NaN NaN NaN NaN NaN NaN NaN NaN NaN NaN NaN NaN NaN NaN
