# Created by Octave 6.4.0, Mon Oct 30 11:35:23 2023 EDT <vpixx@vpixx>
# name: trial_records
# type: struct
# ndims: 2
 1 6
# length: 7
# name: stimulus
# type: cell
# rows: 1
# columns: 6
# name: <cell-element>
# type: sq_string
# elements: 1
# length: 10
face10.jpg



# name: <cell-element>
# type: sq_string
# elements: 1
# length: 10
face10.jpg



# name: <cell-element>
# type: sq_string
# elements: 1
# length: 10
face10.jpg



# name: <cell-element>
# type: sq_string
# elements: 1
# length: 10
face10.jpg



# name: <cell-element>
# type: sq_string
# elements: 1
# length: 10
face10.jpg



# name: <cell-element>
# type: sq_string
# elements: 1
# length: 10
face10.jpg





# name: positionX
# type: cell
# rows: 1
# columns: 6
# name: <cell-element>
# type: scalar
960



# name: <cell-element>
# type: scalar
960



# name: <cell-element>
# type: scalar
960



# name: <cell-element>
# type: scalar
960



# name: <cell-element>
# type: scalar
960



# name: <cell-element>
# type: scalar
960





# name: positionY
# type: cell
# rows: 1
# columns: 6
# name: <cell-element>
# type: scalar
540



# name: <cell-element>
# type: scalar
540



# name: <cell-element>
# type: scalar
540



# name: <cell-element>
# type: scalar
540



# name: <cell-element>
# type: scalar
540



# name: <cell-element>
# type: scalar
540





# name: reaction_time
# type: cell
# rows: 1
# columns: 6
# name: <cell-element>
# type: scalar
0.0029580593109130859



# name: <cell-element>
# type: scalar
0.0026669502258300781



# name: <cell-element>
# type: scalar
0.0020248889923095703



# name: <cell-element>
# type: scalar
0.0020849704742431641



# name: <cell-element>
# type: scalar
0.0024189949035644531



# name: <cell-element>
# type: scalar
0.0027470588684082031





# name: on_target_time
# type: cell
# rows: 1
# columns: 6
# name: <cell-element>
# type: scalar
4.0083138942718506



# name: <cell-element>
# type: scalar
4.009274959564209



# name: <cell-element>
# type: scalar
4.0098409652709961



# name: <cell-element>
# type: scalar
4.0091989040374756



# name: <cell-element>
# type: scalar
4.0092718601226807



# name: <cell-element>
# type: scalar
4.0085980892181396





# name: trial_error
# type: cell
# rows: 1
# columns: 6
# name: <cell-element>
# type: sq_string
# elements: 1
# length: 8
no_error



# name: <cell-element>
# type: sq_string
# elements: 1
# length: 8
no_error



# name: <cell-element>
# type: sq_string
# elements: 1
# length: 8
no_error



# name: <cell-element>
# type: sq_string
# elements: 1
# length: 8
no_error



# name: <cell-element>
# type: sq_string
# elements: 1
# length: 8
no_error



# name: <cell-element>
# type: sq_string
# elements: 1
# length: 8
no_error





# name: gaze_position
# type: cell
# rows: 1
# columns: 6
# name: <cell-element>
# type: matrix
# rows: 2
# columns: 600
 959 959 959 959 959 959 959 959 959 959 959 959 959 959 959 959 959 959 958 958 958 958 958 958 958 958 958 958 958 958 958 958 958 958 958 958 958 958 958 958 958 958 958 958 958 958 958 958 958 958 958 958 958 958 959 959 959 960 960 961 961 962 962 962 962 962 962 962 962 962 962 962 962 962 962 962 962 962 962 962 962 962 962 962 962 962 962 962 962 962 962 962 962 962 962 962 962 962 962 962 962 962 962 962 962 962 962 962 962 962 962 962 962 962 962 962 962 962 962 962 962 962 962 962 962 962 962 962 962 962 962 962 962 962 962 962 962 962 962 962 962 962 962 962 962 962 962 962 962 962 962 962 962 962 962 962 962 962 962 962 962 962 962 962 962 962 962 962 962 962 962 962 962 962 962 962 962 962 962 962 962 962 962 962 962 962 962 962 962 962 962 962 962 962 962 962 962 962 962 962 962 962 962 962 962 962 962 962 962 962 962 962 962 962 962 962 962 962 962 962 962 962 962 962 962 962 962 962 962 962 962 962 962 962 962 962 962 962 962 962 962 962 962 962 962 962 962 962 962 962 962 962 962 962 962 962 962 962 962 962 962 962 962 962 962 962 962 962 962 962 962 962 962 962 962 962 962 962 962 962 962 962 962 962 962 962 962 962 962 962 962 962 962 962 962 962 962 962 962 962 962 962 962 962 962 962 962 962 962 962 962 962 962 962 962 962 962 962 962 962 962 962 962 962 962 962 962 962 962 962 962 962 962 962 962 962 962 962 962 962 962 962 962 962 962 962 962 962 962 962 962 962 962 962 962 962 962 962 962 962 962 962 962 962 962 962 962 962 962 962 962 962 962 962 962 962 962 962 962 962 962 962 962 962 962 962 962 962 962 962 962 962 962 962 962 962 962 962 962 962 962 962 962 962 962 962 962 962 962 962 962 962 962 962 962 962 962 962 962 962 962 962 962 962 962 962 962 962 962 962 962 962 962 962 962 962 962 962 962 962 962 962 962 962 962 962 962 962 962 962 962 962 962 962 962 962 962 962 962 962 962 962 962 962 962 962 962 962 962 962 962 962 962 962 962 962 962 962 962 962 NaN NaN NaN NaN NaN NaN NaN NaN NaN NaN NaN NaN NaN NaN NaN NaN NaN NaN NaN NaN NaN NaN NaN NaN NaN NaN NaN NaN NaN NaN NaN NaN NaN NaN NaN NaN NaN NaN NaN NaN NaN NaN NaN NaN NaN NaN NaN NaN NaN NaN NaN NaN NaN NaN NaN NaN NaN NaN NaN NaN NaN NaN NaN NaN NaN NaN NaN NaN NaN NaN NaN NaN NaN NaN NaN NaN NaN NaN NaN NaN NaN NaN NaN NaN NaN NaN NaN NaN NaN NaN NaN NaN NaN NaN NaN NaN NaN NaN NaN NaN NaN NaN NaN NaN NaN NaN NaN NaN NaN NaN NaN NaN NaN NaN NaN NaN NaN NaN NaN NaN
 528 528 528 528 528 528 528 528 528 528 528 528 528 528 528 528 528 528 528 528 528 528 528 528 528 528 528 528 528 528 528 528 528 528 528 528 528 528 528 528 528 528 528 528 528 528 528 528 528 528 528 529 529 529 529 529 529 530 530 530 530 530 530 530 530 530 530 530 530 530 530 530 530 530 530 530 530 530 530 530 530 530 530 530 530 530 530 530 530 530 530 530 530 530 530 530 530 530 530 530 530 530 530 530 530 530 530 530 530 530 530 530 530 530 530 530 530 530 530 530 530 530 530 530 530 530 530 530 530 530 530 530 530 530 530 530 530 530 530 530 530 530 530 530 530 530 530 530 530 530 530 530 530 530 530 530 530 530 530 530 530 530 530 530 530 530 530 530 530 530 530 530 530 530 530 530 530 530 530 530 530 530 530 530 530 530 530 530 530 530 530 530 530 530 530 530 530 530 530 530 530 530 530 530 530 530 530 530 530 530 530 530 530 530 530 530 530 530 530 530 530 530 530 530 530 530 530 530 530 530 530 530 530 530 530 530 530 530 530 530 530 530 530 530 530 530 530 530 530 530 530 530 530 530 530 530 530 530 530 530 530 530 530 530 530 530 530 530 530 530 530 530 530 530 530 530 530 530 530 530 530 530 530 530 530 530 530 530 530 530 530 530 530 530 530 530 530 530 530 530 530 530 530 530 530 530 530 530 530 530 530 530 530 530 530 530 530 530 530 530 530 530 530 530 530 530 530 530 530 530 530 530 530 530 530 530 530 530 530 530 530 530 530 530 530 530 530 530 530 530 530 530 530 530 530 530 530 530 530 530 530 530 530 530 530 530 530 530 530 530 530 530 530 530 530 530 530 530 530 530 530 530 530 530 530 530 530 530 530 530 530 530 530 530 530 530 530 530 530 530 530 530 530 530 530 530 530 530 530 530 530 530 530 530 530 530 530 530 530 530 530 530 530 530 530 530 530 530 530 530 530 530 530 530 530 530 530 530 530 530 530 530 530 530 530 530 530 530 530 530 530 530 530 530 530 530 530 530 530 530 530 530 530 530 530 530 530 530 530 530 530 530 530 530 530 530 530 530 530 530 NaN NaN NaN NaN NaN NaN NaN NaN NaN NaN NaN NaN NaN NaN NaN NaN NaN NaN NaN NaN NaN NaN NaN NaN NaN NaN NaN NaN NaN NaN NaN NaN NaN NaN NaN NaN NaN NaN NaN NaN NaN NaN NaN NaN NaN NaN NaN NaN NaN NaN NaN NaN NaN NaN NaN NaN NaN NaN NaN NaN NaN NaN NaN NaN NaN NaN NaN NaN NaN NaN NaN NaN NaN NaN NaN NaN NaN NaN NaN NaN NaN NaN NaN NaN NaN NaN NaN NaN NaN NaN NaN NaN NaN NaN NaN NaN NaN NaN NaN NaN NaN NaN NaN NaN NaN NaN NaN NaN NaN NaN NaN NaN NaN NaN NaN NaN NaN NaN NaN NaN



