# Created by Octave 6.4.0, Wed Oct 11 14:49:59 2023 EDT <vpixx@vpixx>
# name: trial_records
# type: scalar struct
# ndims: 2
 1 1
# length: 7
# name: stimulus
# type: sq_string
# elements: 1
# length: 10
face10.jpg


# name: positionX
# type: scalar
960


# name: positionY
# type: scalar
540


# name: reaction_time
# type: scalar
NaN


# name: on_target_time
# type: scalar
NaN


# name: trial_error
# type: sq_string
# elements: 1
# length: 11
no_fixation


# name: gaze_position
# type: matrix
# rows: 2
# columns: 600
 -23.90016379035535 -22.464340314726442 -22.105384445819212 -18.87478162565418 -22.105384445819212 -22.105384445819212 -21.925906511365611 -23.002774118087288 -24.259119659262581 -22.464340314726442 -22.643818249180057 -25.874421069345104 -22.105384445819212 -24.797553462623412 -21.925906511365611 -23.720685855901735 -24.977031397077027 -22.105384445819212 -25.335987265984258 -22.823296183633673 -21.028516839097534 -23.54120792144812 -21.20799477355115 -22.823296183633673 -22.105384445819212 -20.310605101283087 -23.720685855901735 -24.618075528169797 -25.156509331530643 -22.464340314726442 -23.720685855901735 -21.746428576911995 -23.90016379035535 -20.310605101283087 -25.335987265984258 -20.849038904643919 -25.694943134891489 -24.259119659262581 -24.977031397077027 -23.54120792144812 -25.156509331530643 -24.259119659262581 -25.335987265984258 -24.797553462623412 -25.515465200437873 -22.464340314726442 -22.464340314726442 -22.823296183633673 -25.515465200437873 -23.90016379035535 -23.182252052540903 -25.335987265984258 -21.028516839097534 -22.464340314726442 -20.131127166829472 -24.438597593716196 -23.182252052540903 -22.643818249180057 -23.002774118087288 -22.464340314726442 -23.182252052540903 -24.079641724808965 -22.823296183633673 -21.028516839097534 -23.90016379035535 -22.105384445819212 -26.592332807159551 -22.464340314726442 -22.643818249180057 -25.335987265984258 -21.746428576911995 -21.925906511365611 -24.977031397077027 -23.90016379035535 -22.464340314726442 -22.284862380272827 NaN NaN NaN NaN NaN NaN NaN NaN NaN NaN NaN NaN NaN NaN NaN NaN NaN NaN NaN NaN NaN NaN NaN NaN NaN NaN NaN NaN NaN NaN NaN NaN NaN NaN NaN NaN NaN NaN NaN NaN NaN NaN NaN NaN NaN NaN NaN NaN NaN NaN NaN NaN NaN NaN NaN NaN NaN NaN NaN NaN NaN NaN NaN NaN NaN NaN NaN NaN NaN NaN NaN NaN NaN NaN NaN NaN NaN NaN NaN NaN NaN NaN NaN NaN NaN NaN NaN NaN NaN NaN NaN NaN NaN NaN NaN NaN NaN NaN NaN NaN NaN NaN NaN NaN NaN NaN NaN NaN NaN NaN NaN NaN NaN NaN NaN NaN NaN NaN NaN NaN NaN NaN NaN NaN NaN NaN NaN NaN NaN NaN NaN NaN NaN NaN NaN NaN NaN NaN NaN NaN NaN NaN NaN NaN NaN NaN NaN NaN NaN NaN NaN NaN NaN NaN NaN NaN NaN NaN NaN NaN NaN NaN NaN NaN NaN NaN NaN NaN NaN NaN NaN NaN NaN NaN NaN NaN NaN NaN NaN NaN NaN NaN NaN NaN NaN NaN NaN NaN NaN NaN NaN NaN NaN NaN NaN NaN NaN NaN NaN NaN NaN NaN NaN NaN NaN NaN NaN NaN NaN NaN NaN NaN NaN NaN NaN NaN NaN NaN NaN NaN NaN NaN NaN NaN NaN NaN NaN NaN NaN NaN NaN NaN NaN NaN NaN NaN NaN NaN NaN NaN NaN NaN NaN NaN NaN NaN NaN NaN NaN NaN NaN NaN NaN NaN NaN NaN NaN NaN NaN NaN NaN NaN NaN NaN NaN NaN NaN NaN NaN NaN NaN NaN NaN NaN NaN NaN NaN NaN NaN NaN NaN NaN NaN NaN NaN NaN NaN NaN NaN NaN NaN NaN NaN NaN NaN NaN NaN NaN NaN NaN NaN NaN NaN NaN NaN NaN NaN NaN NaN NaN NaN NaN NaN NaN NaN NaN NaN NaN NaN NaN NaN NaN NaN NaN NaN NaN NaN NaN NaN NaN NaN NaN NaN NaN NaN NaN NaN NaN NaN NaN NaN NaN NaN NaN NaN NaN NaN NaN NaN NaN NaN NaN NaN NaN NaN NaN NaN NaN NaN NaN NaN NaN NaN NaN NaN NaN NaN NaN NaN NaN NaN NaN NaN NaN NaN NaN NaN NaN NaN NaN NaN NaN NaN NaN NaN NaN NaN NaN NaN NaN NaN NaN NaN NaN NaN NaN NaN NaN NaN NaN NaN NaN NaN NaN NaN NaN NaN NaN NaN NaN NaN NaN NaN NaN NaN NaN NaN NaN NaN NaN NaN NaN NaN NaN NaN NaN NaN NaN NaN NaN NaN NaN NaN NaN NaN NaN NaN NaN NaN NaN NaN NaN NaN NaN NaN NaN NaN NaN NaN NaN NaN NaN NaN NaN NaN NaN NaN NaN NaN NaN NaN NaN NaN NaN NaN NaN NaN NaN NaN NaN NaN NaN NaN NaN NaN NaN NaN NaN NaN NaN NaN NaN NaN NaN NaN NaN NaN NaN NaN NaN NaN NaN NaN NaN NaN NaN NaN NaN NaN NaN NaN NaN NaN NaN NaN NaN NaN NaN NaN NaN NaN NaN NaN NaN NaN NaN NaN NaN NaN NaN NaN NaN NaN NaN
 993.72105981362142 992.92473779559327 992.92473779559327 993.72105981362142 993.52197930911439 992.32749628207205 992.12841577756501 992.12841577756501 992.72565729108624 994.91554284066376 992.92473779559327 994.31830132714265 992.92473779559327 992.92473779559327 993.72105981362142 992.92473779559327 992.92473779559327 993.32289880460735 992.72565729108624 992.32749628207205 991.92933527305797 994.91554284066376 993.92014031812857 993.12381830010031 993.92014031812857 992.92473779559327 994.51738183164969 992.12841577756501 994.31830132714265 992.5265767865792 992.92473779559327 992.92473779559327 994.51738183164969 992.92473779559327 993.72105981362142 991.33209375953675 992.92473779559327 994.51738183164969 992.92473779559327 992.92473779559327 992.92473779559327 992.72565729108624 992.92473779559327 995.31370384967795 995.31370384967795 992.92473779559327 991.5311742640439 994.51738183164969 993.52197930911439 992.92473779559327 992.92473779559327 992.92473779559327 992.12841577756501 992.92473779559327 992.92473779559327 992.92473779559327 992.92473779559327 992.32749628207205 992.12841577756501 992.5265767865792 992.5265767865792 991.73025476855094 994.51738183164969 992.92473779559327 993.72105981362142 992.92473779559327 992.72565729108624 992.92473779559327 992.92473779559327 992.92473779559327 992.92473779559327 992.92473779559327 992.5265767865792 992.5265767865792 993.72105981362142 992.92473779559327 NaN NaN NaN NaN NaN NaN NaN NaN NaN NaN NaN NaN NaN NaN NaN NaN NaN NaN NaN NaN NaN NaN NaN NaN NaN NaN NaN NaN NaN NaN NaN NaN NaN NaN NaN NaN NaN NaN NaN NaN NaN NaN NaN NaN NaN NaN NaN NaN NaN NaN NaN NaN NaN NaN NaN NaN NaN NaN NaN NaN NaN NaN NaN NaN NaN NaN NaN NaN NaN NaN NaN NaN NaN NaN NaN NaN NaN NaN NaN NaN NaN NaN NaN NaN NaN NaN NaN NaN NaN NaN NaN NaN NaN NaN NaN NaN NaN NaN NaN NaN NaN NaN NaN NaN NaN NaN NaN NaN NaN NaN NaN NaN NaN NaN NaN NaN NaN NaN NaN NaN NaN NaN NaN NaN NaN NaN NaN NaN NaN NaN NaN NaN NaN NaN NaN NaN NaN NaN NaN NaN NaN NaN NaN NaN NaN NaN NaN NaN NaN NaN NaN NaN NaN NaN NaN NaN NaN NaN NaN NaN NaN NaN NaN NaN NaN NaN NaN NaN NaN NaN NaN NaN NaN NaN NaN NaN NaN NaN NaN NaN NaN NaN NaN NaN NaN NaN NaN NaN NaN NaN NaN NaN NaN NaN NaN NaN NaN NaN NaN NaN NaN NaN NaN NaN NaN NaN NaN NaN NaN NaN NaN NaN NaN NaN NaN NaN NaN NaN NaN NaN NaN NaN NaN NaN NaN NaN NaN NaN NaN NaN NaN NaN NaN NaN NaN NaN NaN NaN NaN NaN NaN NaN NaN NaN NaN NaN NaN NaN NaN NaN NaN NaN NaN NaN NaN NaN NaN NaN NaN NaN NaN NaN NaN NaN NaN NaN NaN NaN NaN NaN NaN NaN NaN NaN NaN NaN NaN NaN NaN NaN NaN NaN NaN NaN NaN NaN NaN NaN NaN NaN NaN NaN NaN NaN NaN NaN NaN NaN NaN NaN NaN NaN NaN NaN NaN NaN NaN NaN NaN NaN NaN NaN NaN NaN NaN NaN NaN NaN NaN NaN NaN NaN NaN NaN NaN NaN NaN NaN NaN NaN NaN NaN NaN NaN NaN NaN NaN NaN NaN NaN NaN NaN NaN NaN NaN NaN NaN NaN NaN NaN NaN NaN NaN NaN NaN NaN NaN NaN NaN NaN NaN NaN NaN NaN NaN NaN NaN NaN NaN NaN NaN NaN NaN NaN NaN NaN NaN NaN NaN NaN NaN NaN NaN NaN NaN NaN NaN NaN NaN NaN NaN NaN NaN NaN NaN NaN NaN NaN NaN NaN NaN NaN NaN NaN NaN NaN NaN NaN NaN NaN NaN NaN NaN NaN NaN NaN NaN NaN NaN NaN NaN NaN NaN NaN NaN NaN NaN NaN NaN NaN NaN NaN NaN NaN NaN NaN NaN NaN NaN NaN NaN NaN NaN NaN NaN NaN NaN NaN NaN NaN NaN NaN NaN NaN NaN NaN NaN NaN NaN NaN NaN NaN NaN NaN NaN NaN NaN NaN NaN NaN NaN NaN NaN NaN NaN NaN NaN NaN NaN NaN NaN NaN NaN NaN NaN NaN NaN NaN NaN NaN NaN NaN NaN NaN NaN NaN NaN NaN NaN NaN NaN NaN NaN NaN NaN NaN NaN NaN NaN NaN NaN NaN NaN NaN NaN NaN NaN NaN NaN NaN NaN NaN NaN NaN




