# Created by Octave 6.4.0, Tue Nov 21 17:16:09 2023 EST <vpixx@vpixx>
# name: trial_records
# type: struct
# ndims: 2
 1 2
# length: 7
# name: stimulus
# type: cell
# rows: 1
# columns: 2
# name: <cell-element>
# type: sq_string
# elements: 1
# length: 10
face10.jpg



# name: <cell-element>
# type: sq_string
# elements: 1
# length: 10
face10.jpg





# name: positionX
# type: cell
# rows: 1
# columns: 2
# name: <cell-element>
# type: scalar
960



# name: <cell-element>
# type: scalar
960





# name: positionY
# type: cell
# rows: 1
# columns: 2
# name: <cell-element>
# type: scalar
540



# name: <cell-element>
# type: scalar
540





# name: reaction_time
# type: cell
# rows: 1
# columns: 2
# name: <cell-element>
# type: scalar
0.28494095802307129



# name: <cell-element>
# type: scalar
0.45087504386901855





# name: on_target_time
# type: cell
# rows: 1
# columns: 2
# name: <cell-element>
# type: scalar
2.3406078815460205



# name: <cell-element>
# type: scalar
3.3165397644042969





# name: trial_error
# type: cell
# rows: 1
# columns: 2
# name: <cell-element>
# type: sq_string
# elements: 1
# length: 8
no_error



# name: <cell-element>
# type: sq_string
# elements: 1
# length: 8
no_error





# name: gaze_position
# type: cell
# rows: 1
# columns: 2
# name: <cell-element>
# type: matrix
# rows: 2
# columns: 600
 892 892 891 890 890 890 889 889 888 887 887 886 886 885 885 885 885 885 885 885 885 885 886 886 888 888 890 891 892 893 896 898 903 907 913 930 935 938 940 942 943 943 943 943 943 943 943 943 943 943 943 943 943 943 944 944 945 946 946 947 947 947 947 947 947 947 947 947 947 947 947 947 947 947 947 947 947 947 947 947 947 947 947 947 947 947 947 947 947 947 947 947 947 947 947 947 947 947 947 947 947 947 947 947 947 947 947 947 947 947 947 947 947 947 947 947 947 947 947 947 947 947 947 947 947 947 947 947 947 947 947 947 947 947 947 947 947 947 947 947 947 947 947 947 947 947 947 947 947 947 947 947 947 947 947 947 947 947 947 947 947 947 947 947 947 947 947 947 947 947 947 947 947 947 947 947 947 947 947 947 947 947 947 947 947 947 947 947 947 947 947 947 947 947 947 947 947 947 947 947 947 947 947 947 947 947 947 947 947 947 947 947 947 947 947 947 947 947 947 947 947 947 947 947 947 947 947 947 947 947 947 947 947 947 947 947 947 947 947 947 947 947 947 947 947 947 947 947 947 947 947 947 947 947 947 947 947 947 947 947 947 947 947 947 947 947 947 947 947 947 947 947 947 947 947 947 947 947 947 947 947 947 947 947 947 947 947 947 947 947 947 947 947 947 947 947 947 947 947 947 947 947 947 947 947 947 947 947 947 947 947 947 948 1036 NaN NaN NaN NaN NaN NaN NaN NaN NaN NaN NaN NaN NaN NaN NaN NaN NaN NaN NaN NaN NaN NaN NaN NaN NaN NaN NaN NaN NaN NaN NaN NaN NaN NaN NaN NaN NaN NaN NaN NaN NaN NaN NaN NaN NaN NaN NaN NaN NaN NaN NaN NaN NaN NaN NaN NaN NaN NaN NaN NaN NaN NaN NaN NaN NaN NaN NaN NaN NaN NaN NaN NaN NaN NaN NaN NaN NaN NaN NaN NaN NaN NaN NaN NaN NaN NaN NaN NaN NaN NaN NaN NaN NaN NaN NaN NaN NaN NaN NaN NaN NaN NaN NaN NaN NaN NaN NaN NaN NaN NaN NaN NaN NaN NaN NaN NaN NaN NaN NaN NaN NaN NaN NaN NaN NaN NaN NaN NaN NaN NaN NaN NaN NaN NaN NaN NaN NaN NaN NaN NaN NaN NaN NaN NaN NaN NaN NaN NaN NaN NaN NaN NaN NaN NaN NaN NaN NaN NaN NaN NaN NaN NaN NaN NaN NaN NaN NaN NaN NaN NaN NaN NaN NaN NaN NaN NaN NaN NaN NaN NaN NaN NaN NaN NaN NaN NaN NaN NaN NaN NaN NaN NaN NaN NaN NaN NaN NaN NaN NaN NaN NaN NaN NaN NaN NaN NaN NaN NaN NaN NaN NaN NaN NaN NaN NaN NaN NaN NaN NaN NaN NaN NaN NaN NaN NaN NaN NaN NaN NaN NaN NaN NaN NaN NaN NaN NaN NaN NaN NaN NaN NaN NaN NaN NaN NaN NaN NaN NaN NaN NaN NaN NaN NaN NaN NaN NaN NaN NaN NaN NaN NaN NaN NaN NaN NaN NaN NaN NaN NaN NaN NaN NaN NaN NaN NaN NaN NaN NaN NaN NaN NaN NaN NaN NaN NaN NaN
 489 489 490 490 491 491 492 493 494 495 496 497 498 498 498 499 499 500 500 501 502 503 504 505 508 508 512 514 516 518 520 523 526 530 535 545 548 548 549 549 549 549 549 549 549 549 549 549 549 549 549 549 549 549 549 548 548 547 547 547 547 547 547 547 547 547 547 547 547 547 547 547 547 547 547 547 547 547 547 547 547 547 547 547 547 547 547 547 547 547 547 547 547 547 547 547 547 547 547 547 547 547 547 547 547 547 547 547 547 547 547 547 547 547 547 547 547 547 547 547 547 547 547 547 547 547 547 547 547 547 547 547 547 547 547 547 547 547 547 547 547 547 547 547 547 547 547 547 547 547 547 547 547 547 547 547 547 547 547 547 547 547 547 547 547 547 547 547 547 547 547 547 547 547 547 547 547 547 547 547 547 547 547 547 547 547 547 547 547 547 547 547 547 547 547 547 547 547 547 547 547 547 547 547 547 547 547 547 547 547 547 547 547 547 547 547 547 547 547 547 547 547 547 547 547 547 547 547 547 547 547 547 547 547 547 547 547 547 547 547 547 547 547 547 547 547 547 547 547 547 547 547 547 547 547 547 547 547 547 547 547 547 547 547 547 547 547 547 547 547 547 547 547 547 547 547 547 547 547 547 547 547 547 547 547 547 547 547 547 547 547 547 547 547 547 547 547 547 547 547 547 547 547 547 547 547 547 547 547 547 547 547 548 579 NaN NaN NaN NaN NaN NaN NaN NaN NaN NaN NaN NaN NaN NaN NaN NaN NaN NaN NaN NaN NaN NaN NaN NaN NaN NaN NaN NaN NaN NaN NaN NaN NaN NaN NaN NaN NaN NaN NaN NaN NaN NaN NaN NaN NaN NaN NaN NaN NaN NaN NaN NaN NaN NaN NaN NaN NaN NaN NaN NaN NaN NaN NaN NaN NaN NaN NaN NaN NaN NaN NaN NaN NaN NaN NaN NaN NaN NaN NaN NaN NaN NaN NaN NaN NaN NaN NaN NaN NaN NaN NaN NaN NaN NaN NaN NaN NaN NaN NaN NaN NaN NaN NaN NaN NaN NaN NaN NaN NaN NaN NaN NaN NaN NaN NaN NaN NaN NaN NaN NaN NaN NaN NaN NaN NaN NaN NaN NaN NaN NaN NaN NaN NaN NaN NaN NaN NaN NaN NaN NaN NaN NaN NaN NaN NaN NaN NaN NaN NaN NaN NaN NaN NaN NaN NaN NaN NaN NaN NaN NaN NaN NaN NaN NaN NaN NaN NaN NaN NaN NaN NaN NaN NaN NaN NaN NaN NaN NaN NaN NaN NaN NaN NaN NaN NaN NaN NaN NaN NaN NaN NaN NaN NaN NaN NaN NaN NaN NaN NaN NaN NaN NaN NaN NaN NaN NaN NaN NaN NaN NaN NaN NaN NaN NaN NaN NaN NaN NaN NaN NaN NaN NaN NaN NaN NaN NaN NaN NaN NaN NaN NaN NaN NaN NaN NaN NaN NaN NaN NaN NaN NaN NaN NaN NaN NaN NaN NaN NaN NaN NaN NaN NaN NaN NaN NaN NaN NaN NaN NaN NaN NaN NaN NaN NaN NaN NaN NaN NaN NaN NaN NaN NaN NaN NaN NaN NaN NaN NaN NaN NaN NaN NaN NaN NaN NaN NaN



