# Created by Octave 6.4.0, Fri Dec 01 12:26:25 2023 EST <vpixx@vpixx>
# name: trial_records
# type: scalar struct
# ndims: 2
 1 1
# length: 7
# name: stimulus
# type: sq_string
# elements: 1
# length: 10
face10.jpg


# name: positionX
# type: scalar
960


# name: positionY
# type: scalar
540


# name: reaction_time
# type: scalar
NaN


# name: on_target_time
# type: scalar
NaN


# name: trial_error
# type: sq_string
# elements: 1
# length: 11
no_fixation


# name: gaze_position
# type: matrix
# rows: 2
# columns: 600
 1335.2899406847052 1319.283364446964 1316.2821314023874 1321.684350882625 1302.0762949913919 1310.0795831102625 1319.0832822439922 1313.2808983578109 1251.2554154365632 1165.8203147676188 959.53556350372696 951.73235758782812 954.33342622646114 956.33424825617863 945.52980929570322 946.3301381075903 953.9332618205176 946.53022031056207 948.73112454325155 946.3301381075903 940.3276720184374 940.3276720184374 933.52487711739718 930.1234796668773 948.73112454325155 919.51912290937366 932.32438389956678 934.72537033522781 933.92504152334072 925.12142459258303 937.12635677088906 927.52241102824428 927.32232882527251 930.32356186984907 932.52446610253855 919.51912290937366 933.92504152334072 932.9246305084821 931.5240550876797 929.52323305796199 922.12019154800669 925.12142459258303 925.92175340447011 929.32315085499022 920.31945172126075 925.92175340447011 929.72331526093376 922.92052035989354 922.32027375097823 912.91641021130522 925.92175340447011 920.71961612720429 929.52323305796199 917.11813647371241 927.52241102824428 925.12142459258303 914.11690342913585 920.51953392423252 922.32027375097823 916.31780766182533 918.31862969154304 921.11978053314783 915.51747884993824 918.91887630045835 916.91805427074064 1025.1625260784665 1221.4431671937698 1462.1420573688056 1417.7238083090733 1413.5220820466661 1395.1145193732636 1405.3187117248237 1396.7151769970378 1414.9226574674685 1405.3187117248237 NaN NaN NaN NaN NaN NaN NaN NaN NaN NaN NaN NaN NaN NaN NaN NaN NaN NaN NaN NaN NaN NaN NaN NaN NaN NaN NaN NaN NaN NaN NaN NaN NaN NaN NaN NaN NaN NaN NaN NaN NaN NaN NaN NaN NaN NaN NaN NaN NaN NaN NaN NaN NaN NaN NaN NaN NaN NaN NaN NaN NaN NaN NaN NaN NaN NaN NaN NaN NaN NaN NaN NaN NaN NaN NaN NaN NaN NaN NaN NaN NaN NaN NaN NaN NaN NaN NaN NaN NaN NaN NaN NaN NaN NaN NaN NaN NaN NaN NaN NaN NaN NaN NaN NaN NaN NaN NaN NaN NaN NaN NaN NaN NaN NaN NaN NaN NaN NaN NaN NaN NaN NaN NaN NaN NaN NaN NaN NaN NaN NaN NaN NaN NaN NaN NaN NaN NaN NaN NaN NaN NaN NaN NaN NaN NaN NaN NaN NaN NaN NaN NaN NaN NaN NaN NaN NaN NaN NaN NaN NaN NaN NaN NaN NaN NaN NaN NaN NaN NaN NaN NaN NaN NaN NaN NaN NaN NaN NaN NaN NaN NaN NaN NaN NaN NaN NaN NaN NaN NaN NaN NaN NaN NaN NaN NaN NaN NaN NaN NaN NaN NaN NaN NaN NaN NaN NaN NaN NaN NaN NaN NaN NaN NaN NaN NaN NaN NaN NaN NaN NaN NaN NaN NaN NaN NaN NaN NaN NaN NaN NaN NaN NaN NaN NaN NaN NaN NaN NaN NaN NaN NaN NaN NaN NaN NaN NaN NaN NaN NaN NaN NaN NaN NaN NaN NaN NaN NaN NaN NaN NaN NaN NaN NaN NaN NaN NaN NaN NaN NaN NaN NaN NaN NaN NaN NaN NaN NaN NaN NaN NaN NaN NaN NaN NaN NaN NaN NaN NaN NaN NaN NaN NaN NaN NaN NaN NaN NaN NaN NaN NaN NaN NaN NaN NaN NaN NaN NaN NaN NaN NaN NaN NaN NaN NaN NaN NaN NaN NaN NaN NaN NaN NaN NaN NaN NaN NaN NaN NaN NaN NaN NaN NaN NaN NaN NaN NaN NaN NaN NaN NaN NaN NaN NaN NaN NaN NaN NaN NaN NaN NaN NaN NaN NaN NaN NaN NaN NaN NaN NaN NaN NaN NaN NaN NaN NaN NaN NaN NaN NaN NaN NaN NaN NaN NaN NaN NaN NaN NaN NaN NaN NaN NaN NaN NaN NaN NaN NaN NaN NaN NaN NaN NaN NaN NaN NaN NaN NaN NaN NaN NaN NaN NaN NaN NaN NaN NaN NaN NaN NaN NaN NaN NaN NaN NaN NaN NaN NaN NaN NaN NaN NaN NaN NaN NaN NaN NaN NaN NaN NaN NaN NaN NaN NaN NaN NaN NaN NaN NaN NaN NaN NaN NaN NaN NaN NaN NaN NaN NaN NaN NaN NaN NaN NaN NaN NaN NaN NaN NaN NaN NaN NaN NaN NaN NaN NaN NaN NaN NaN NaN NaN NaN NaN NaN NaN NaN NaN NaN NaN NaN NaN NaN NaN NaN NaN NaN NaN NaN NaN NaN NaN NaN NaN NaN NaN NaN NaN NaN NaN NaN NaN NaN NaN NaN NaN NaN NaN NaN NaN NaN NaN NaN NaN NaN NaN NaN NaN NaN NaN NaN NaN NaN NaN NaN NaN NaN
 479.36036635703556 477.82372131832676 482.24157580461451 483.2019789538075 485.89110777154781 474.75043124090917 470.33257675462141 470.52465738446006 472.25338305300738 572.71155245859404 589.61464788439059 616.50593606179427 619.19506487953458 621.11587117792067 614.00888787389249 619.7713067690504 616.1217748021171 613.43264598437668 613.43264598437668 627.64661259243292 621.3079518077592 620.34754865856621 613.43264598437668 600.37116315535206 602.29196945373803 606.13358205050997 597.87411496745028 603.44445323276966 604.78901764163982 608.05438834889594 606.13358205050997 605.7494207908328 605.7494207908328 603.82861449244683 603.82861449244683 607.67022708921877 611.89600094566788 629.37533826098036 626.30204818356276 631.10406392952768 633.02487022791365 623.42083873598381 619.19506487953458 614.20096850373113 622.65251621662935 619.57922613921187 619.19506487953458 617.08217795131009 618.04258110050307 617.27425858114862 619.96338739888904 623.03667747630664 622.65251621662935 617.27425858114862 608.05438834889594 604.78901764163982 604.98109827147846 604.78901764163982 602.6761307134152 607.2860658295416 608.05438834889594 607.47814645938013 606.70982394002579 604.78901764163982 604.212775752124 546.20442554086753 295.34712297165902 199.30680805236011 177.40961625076 186.05324459349686 187.20572837252848 189.12653467091445 195.65727608542682 192.77606663784786 188.16613152172147 NaN NaN NaN NaN NaN NaN NaN NaN NaN NaN NaN NaN NaN NaN NaN NaN NaN NaN NaN NaN NaN NaN NaN NaN NaN NaN NaN NaN NaN NaN NaN NaN NaN NaN NaN NaN NaN NaN NaN NaN NaN NaN NaN NaN NaN NaN NaN NaN NaN NaN NaN NaN NaN NaN NaN NaN NaN NaN NaN NaN NaN NaN NaN NaN NaN NaN NaN NaN NaN NaN NaN NaN NaN NaN NaN NaN NaN NaN NaN NaN NaN NaN NaN NaN NaN NaN NaN NaN NaN NaN NaN NaN NaN NaN NaN NaN NaN NaN NaN NaN NaN NaN NaN NaN NaN NaN NaN NaN NaN NaN NaN NaN NaN NaN NaN NaN NaN NaN NaN NaN NaN NaN NaN NaN NaN NaN NaN NaN NaN NaN NaN NaN NaN NaN NaN NaN NaN NaN NaN NaN NaN NaN NaN NaN NaN NaN NaN NaN NaN NaN NaN NaN NaN NaN NaN NaN NaN NaN NaN NaN NaN NaN NaN NaN NaN NaN NaN NaN NaN NaN NaN NaN NaN NaN NaN NaN NaN NaN NaN NaN NaN NaN NaN NaN NaN NaN NaN NaN NaN NaN NaN NaN NaN NaN NaN NaN NaN NaN NaN NaN NaN NaN NaN NaN NaN NaN NaN NaN NaN NaN NaN NaN NaN NaN NaN NaN NaN NaN NaN NaN NaN NaN NaN NaN NaN NaN NaN NaN NaN NaN NaN NaN NaN NaN NaN NaN NaN NaN NaN NaN NaN NaN NaN NaN NaN NaN NaN NaN NaN NaN NaN NaN NaN NaN NaN NaN NaN NaN NaN NaN NaN NaN NaN NaN NaN NaN NaN NaN NaN NaN NaN NaN NaN NaN NaN NaN NaN NaN NaN NaN NaN NaN NaN NaN NaN NaN NaN NaN NaN NaN NaN NaN NaN NaN NaN NaN NaN NaN NaN NaN NaN NaN NaN NaN NaN NaN NaN NaN NaN NaN NaN NaN NaN NaN NaN NaN NaN NaN NaN NaN NaN NaN NaN NaN NaN NaN NaN NaN NaN NaN NaN NaN NaN NaN NaN NaN NaN NaN NaN NaN NaN NaN NaN NaN NaN NaN NaN NaN NaN NaN NaN NaN NaN NaN NaN NaN NaN NaN NaN NaN NaN NaN NaN NaN NaN NaN NaN NaN NaN NaN NaN NaN NaN NaN NaN NaN NaN NaN NaN NaN NaN NaN NaN NaN NaN NaN NaN NaN NaN NaN NaN NaN NaN NaN NaN NaN NaN NaN NaN NaN NaN NaN NaN NaN NaN NaN NaN NaN NaN NaN NaN NaN NaN NaN NaN NaN NaN NaN NaN NaN NaN NaN NaN NaN NaN NaN NaN NaN NaN NaN NaN NaN NaN NaN NaN NaN NaN NaN NaN NaN NaN NaN NaN NaN NaN NaN NaN NaN NaN NaN NaN NaN NaN NaN NaN NaN NaN NaN NaN NaN NaN NaN NaN NaN NaN NaN NaN NaN NaN NaN NaN NaN NaN NaN NaN NaN NaN NaN NaN NaN NaN NaN NaN NaN NaN NaN NaN NaN NaN NaN NaN NaN NaN NaN NaN NaN NaN NaN NaN NaN NaN NaN NaN NaN NaN NaN NaN NaN NaN NaN NaN NaN NaN NaN NaN NaN NaN NaN NaN NaN NaN NaN NaN NaN NaN




