# Created by Octave 6.4.0, Wed Nov 22 12:06:12 2023 EST <vpixx@vpixx>
# name: trial_records
# type: struct
# ndims: 2
 1 4
# length: 7
# name: stimulus
# type: cell
# rows: 1
# columns: 4
# name: <cell-element>
# type: sq_string
# elements: 1
# length: 10
face10.jpg



# name: <cell-element>
# type: sq_string
# elements: 1
# length: 10
face10.jpg



# name: <cell-element>
# type: sq_string
# elements: 1
# length: 10
face10.jpg



# name: <cell-element>
# type: sq_string
# elements: 1
# length: 10
face10.jpg





# name: positionX
# type: cell
# rows: 1
# columns: 4
# name: <cell-element>
# type: scalar
960



# name: <cell-element>
# type: scalar
960



# name: <cell-element>
# type: scalar
960



# name: <cell-element>
# type: scalar
960





# name: positionY
# type: cell
# rows: 1
# columns: 4
# name: <cell-element>
# type: scalar
540



# name: <cell-element>
# type: scalar
540



# name: <cell-element>
# type: scalar
540



# name: <cell-element>
# type: scalar
540





# name: reaction_time
# type: cell
# rows: 1
# columns: 4
# name: <cell-element>
# type: scalar
NaN



# name: <cell-element>
# type: scalar
0.26035118103027344



# name: <cell-element>
# type: scalar
0.13998889923095703



# name: <cell-element>
# type: scalar
NaN





# name: on_target_time
# type: cell
# rows: 1
# columns: 4
# name: <cell-element>
# type: scalar
NaN



# name: <cell-element>
# type: scalar
0.015120983123779297



# name: <cell-element>
# type: scalar
0.11012601852416992



# name: <cell-element>
# type: scalar
NaN





# name: trial_error
# type: cell
# rows: 1
# columns: 4
# name: <cell-element>
# type: sq_string
# elements: 1
# length: 11
no_fixation



# name: <cell-element>
# type: sq_string
# elements: 1
# length: 11
broke_early



# name: <cell-element>
# type: sq_string
# elements: 1
# length: 8
no_error



# name: <cell-element>
# type: sq_string
# elements: 1
# length: 11
no_fixation





# name: gaze_position
# type: cell
# rows: 1
# columns: 4
# name: <cell-element>
# type: matrix
# rows: 2
# columns: 600
 1119.0975593660646 1123.1247780213209 1112.8889306058779 1360.8984794587402 1163.0613630192784 1128.1588013403912 1112.385528273971 1105.3378956272727 1355.86445613967 1272.2996690431034 1096.6122552075508 976.9703009909806 962.70723492028151 949.9543758453035 941.56433698018623 945.08815330353559 946.26275874465182 941.39653620288391 942.906743198605 940.05412998446513 942.23554008939573 940.55753231637232 943.5779463078145 943.24234475320964 946.26275874465182 949.283172736094 946.766161076559 946.26275874465182 947.60516496307059 949.9543758453035 947.26956340846596 948.94757118148937 950.12217662260582 952.30358672753619 947.60516496307059 944.24914941702377 947.60516496307059 946.59836029925668 948.27636807228009 946.26275874465182 944.08134863972145 942.906743198605 942.57114164400036 946.59836029925668 947.94076651767523 945.75935641274486 947.26956340846596 942.23554008939573 943.74574708511682 944.92035252623305 943.5779463078145 942.906743198605 945.75935641274486 943.24234475320964 943.5779463078145 946.93396185386132 946.26275874465182 948.94757118148937 944.92035252623305 944.24914941702377 948.27636807228009 942.23554008939573 947.60516496307059 944.24914941702377 945.59155563544255 945.08815330353559 942.906743198605 942.23554008939573 944.75255174893073 958.34441471042055 961.70043025646737 964.2174419160026 966.90225435283992 967.57345746204942 966.06325046632833 NaN NaN NaN NaN NaN NaN NaN NaN NaN NaN NaN NaN NaN NaN NaN NaN NaN NaN NaN NaN NaN NaN NaN NaN NaN NaN NaN NaN NaN NaN NaN NaN NaN NaN NaN NaN NaN NaN NaN NaN NaN NaN NaN NaN NaN NaN NaN NaN NaN NaN NaN NaN NaN NaN NaN NaN NaN NaN NaN NaN NaN NaN NaN NaN NaN NaN NaN NaN NaN NaN NaN NaN NaN NaN NaN NaN NaN NaN NaN NaN NaN NaN NaN NaN NaN NaN NaN NaN NaN NaN NaN NaN NaN NaN NaN NaN NaN NaN NaN NaN NaN NaN NaN NaN NaN NaN NaN NaN NaN NaN NaN NaN NaN NaN NaN NaN NaN NaN NaN NaN NaN NaN NaN NaN NaN NaN NaN NaN NaN NaN NaN NaN NaN NaN NaN NaN NaN NaN NaN NaN NaN NaN NaN NaN NaN NaN NaN NaN NaN NaN NaN NaN NaN NaN NaN NaN NaN NaN NaN NaN NaN NaN NaN NaN NaN NaN NaN NaN NaN NaN NaN NaN NaN NaN NaN NaN NaN NaN NaN NaN NaN NaN NaN NaN NaN NaN NaN NaN NaN NaN NaN NaN NaN NaN NaN NaN NaN NaN NaN NaN NaN NaN NaN NaN NaN NaN NaN NaN NaN NaN NaN NaN NaN NaN NaN NaN NaN NaN NaN NaN NaN NaN NaN NaN NaN NaN NaN NaN NaN NaN NaN NaN NaN NaN NaN NaN NaN NaN NaN NaN NaN NaN NaN NaN NaN NaN NaN NaN NaN NaN NaN NaN NaN NaN NaN NaN NaN NaN NaN NaN NaN NaN NaN NaN NaN NaN NaN NaN NaN NaN NaN NaN NaN NaN NaN NaN NaN NaN NaN NaN NaN NaN NaN NaN NaN NaN NaN NaN NaN NaN NaN NaN NaN NaN NaN NaN NaN NaN NaN NaN NaN NaN NaN NaN NaN NaN NaN NaN NaN NaN NaN NaN NaN NaN NaN NaN NaN NaN NaN NaN NaN NaN NaN NaN NaN NaN NaN NaN NaN NaN NaN NaN NaN NaN NaN NaN NaN NaN NaN NaN NaN NaN NaN NaN NaN NaN NaN NaN NaN NaN NaN NaN NaN NaN NaN NaN NaN NaN NaN NaN NaN NaN NaN NaN NaN NaN NaN NaN NaN NaN NaN NaN NaN NaN NaN NaN NaN NaN NaN NaN NaN NaN NaN NaN NaN NaN NaN NaN NaN NaN NaN NaN NaN NaN NaN NaN NaN NaN NaN NaN NaN NaN NaN NaN NaN NaN NaN NaN NaN NaN NaN NaN NaN NaN NaN NaN NaN NaN NaN NaN NaN NaN NaN NaN NaN NaN NaN NaN NaN NaN NaN NaN NaN NaN NaN NaN NaN NaN NaN NaN NaN NaN NaN NaN NaN NaN NaN NaN NaN NaN NaN NaN NaN NaN NaN NaN NaN NaN NaN NaN NaN NaN NaN NaN NaN NaN NaN NaN NaN NaN NaN NaN NaN NaN NaN NaN NaN NaN NaN NaN NaN NaN NaN NaN NaN NaN NaN NaN NaN NaN NaN NaN NaN NaN NaN NaN NaN NaN NaN NaN NaN NaN NaN NaN NaN NaN NaN NaN NaN NaN NaN NaN NaN NaN NaN NaN NaN NaN NaN NaN NaN NaN NaN NaN NaN
