# Created by Octave 6.4.0, Tue Nov 21 12:48:09 2023 EST <vpixx@vpixx>
# name: trial_records
# type: struct
# ndims: 2
 1 2
# length: 7
# name: stimulus
# type: cell
# rows: 1
# columns: 2
# name: <cell-element>
# type: sq_string
# elements: 1
# length: 10
face10.jpg



# name: <cell-element>
# type: sq_string
# elements: 1
# length: 10
face10.jpg





# name: positionX
# type: cell
# rows: 1
# columns: 2
# name: <cell-element>
# type: scalar
960



# name: <cell-element>
# type: scalar
960





# name: positionY
# type: cell
# rows: 1
# columns: 2
# name: <cell-element>
# type: scalar
540



# name: <cell-element>
# type: scalar
540





# name: reaction_time
# type: cell
# rows: 1
# columns: 2
# name: <cell-element>
# type: scalar
NaN



# name: <cell-element>
# type: scalar
0.44009280204772949





# name: on_target_time
# type: cell
# rows: 1
# columns: 2
# name: <cell-element>
# type: scalar
NaN



# name: <cell-element>
# type: scalar
0.019871950149536133





# name: trial_error
# type: cell
# rows: 1
# columns: 2
# name: <cell-element>
# type: sq_string
# elements: 1
# length: 11
no_fixation



# name: <cell-element>
# type: sq_string
# elements: 1
# length: 11
broke_early





# name: gaze_position
# type: cell
# rows: 1
# columns: 2
# name: <cell-element>
# type: matrix
# rows: 2
# columns: 600
 984.77940756038879 925.14478293436855 933.26073776512885 920.91037171831988 942.08242779856369 917.38169570494597 914.02945349224069 944.55250100792546 894.09243401667777 917.91099710695198 777.29325797399929 765.64862712986519 751.53392307636932 796.34810844621882 773.94101576129401 752.94539348171895 763.5314215218408 761.94351731582253 769.00086934257047 756.47406949509286 768.82443554190183 791.58439582816391 743.94726964761537 764.23715672451567 760.00274550846689 751.53392307636932 771.29450875126361 760.53204691047301 755.94476809308685 760.00274550846689 769.17730314323921 747.65237946165803 780.11619878469855 789.29075641947088 764.94289192719043 754.00399628573109 748.88741606633891 760.17917930913563 782.93913959539771 777.11682417333066 803.229026672298 763.88428912317829 748.00524706299541 781.17480158871069 768.47156794056446 770.05947214658272 780.11619878469855 739.88929223223522 -2861.8303146185754 340.79603511963933 709.54267851721909 839.39795580938119 882.09493557120618 898.32684523272644 922.32184212366951 928.14415754573656 930.79066455576708 948.43404462263675 946.66970661594996 936.61297997783413 951.08055163266727 942.96459680190719 842.22089662008034 818.93163493181214 770.05947214658272 748.71098226567017 765.64862712986519 777.99899317667416 783.11557339606634 770.76520734925748 777.29325797399929 785.40921280475948 775.35248616664364 771.11807495059486 803.40546047296675 NaN NaN NaN NaN NaN NaN NaN NaN NaN NaN NaN NaN NaN NaN NaN NaN NaN NaN NaN NaN NaN NaN NaN NaN NaN NaN NaN NaN NaN NaN NaN NaN NaN NaN NaN NaN NaN NaN NaN NaN NaN NaN NaN NaN NaN NaN NaN NaN NaN NaN NaN NaN NaN NaN NaN NaN NaN NaN NaN NaN NaN NaN NaN NaN NaN NaN NaN NaN NaN NaN NaN NaN NaN NaN NaN NaN NaN NaN NaN NaN NaN NaN NaN NaN NaN NaN NaN NaN NaN NaN NaN NaN NaN NaN NaN NaN NaN NaN NaN NaN NaN NaN NaN NaN NaN NaN NaN NaN NaN NaN NaN NaN NaN NaN NaN NaN NaN NaN NaN NaN NaN NaN NaN NaN NaN NaN NaN NaN NaN NaN NaN NaN NaN NaN NaN NaN NaN NaN NaN NaN NaN NaN NaN NaN NaN NaN NaN NaN NaN NaN NaN NaN NaN NaN NaN NaN NaN NaN NaN NaN NaN NaN NaN NaN NaN NaN NaN NaN NaN NaN NaN NaN NaN NaN NaN NaN NaN NaN NaN NaN NaN NaN NaN NaN NaN NaN NaN NaN NaN NaN NaN NaN NaN NaN NaN NaN NaN NaN NaN NaN NaN NaN NaN NaN NaN NaN NaN NaN NaN NaN NaN NaN NaN NaN NaN NaN NaN NaN NaN NaN NaN NaN NaN NaN NaN NaN NaN NaN NaN NaN NaN NaN NaN NaN NaN NaN NaN NaN NaN NaN NaN NaN NaN NaN NaN NaN NaN NaN NaN NaN NaN NaN NaN NaN NaN NaN NaN NaN NaN NaN NaN NaN NaN NaN NaN NaN NaN NaN NaN NaN NaN NaN NaN NaN NaN NaN NaN NaN NaN NaN NaN NaN NaN NaN NaN NaN NaN NaN NaN NaN NaN NaN NaN NaN NaN NaN NaN NaN NaN NaN NaN NaN NaN NaN NaN NaN NaN NaN NaN NaN NaN NaN NaN NaN NaN NaN NaN NaN NaN NaN NaN NaN NaN NaN NaN NaN NaN NaN NaN NaN NaN NaN NaN NaN NaN NaN NaN NaN NaN NaN NaN NaN NaN NaN NaN NaN NaN NaN NaN NaN NaN NaN NaN NaN NaN NaN NaN NaN NaN NaN NaN NaN NaN NaN NaN NaN NaN NaN NaN NaN NaN NaN NaN NaN NaN NaN NaN NaN NaN NaN NaN NaN NaN NaN NaN NaN NaN NaN NaN NaN NaN NaN NaN NaN NaN NaN NaN NaN NaN NaN NaN NaN NaN NaN NaN NaN NaN NaN NaN NaN NaN NaN NaN NaN NaN NaN NaN NaN NaN NaN NaN NaN NaN NaN NaN NaN NaN NaN NaN NaN NaN NaN NaN NaN NaN NaN NaN NaN NaN NaN NaN NaN NaN NaN NaN NaN NaN NaN NaN NaN NaN NaN NaN NaN NaN NaN NaN NaN NaN NaN NaN NaN NaN NaN NaN NaN NaN NaN NaN NaN NaN NaN NaN NaN NaN NaN NaN NaN NaN NaN NaN NaN NaN NaN NaN NaN NaN NaN NaN NaN NaN NaN NaN NaN NaN NaN NaN NaN NaN NaN NaN NaN NaN NaN NaN NaN NaN NaN NaN NaN NaN NaN NaN NaN NaN NaN NaN NaN NaN NaN NaN NaN NaN NaN NaN
