# Created by Octave 6.4.0, Tue Oct 17 15:08:56 2023 EDT <vpixx@vpixx>
# name: trial_records
# type: struct
# ndims: 2
 1 8
# length: 7
# name: stimulus
# type: cell
# rows: 1
# columns: 8
# name: <cell-element>
# type: sq_string
# elements: 1
# length: 10
face10.jpg



# name: <cell-element>
# type: sq_string
# elements: 1
# length: 10
face10.jpg



# name: <cell-element>
# type: sq_string
# elements: 1
# length: 10
face10.jpg



# name: <cell-element>
# type: sq_string
# elements: 1
# length: 10
face10.jpg



# name: <cell-element>
# type: sq_string
# elements: 1
# length: 10
face10.jpg



# name: <cell-element>
# type: sq_string
# elements: 1
# length: 10
face10.jpg



# name: <cell-element>
# type: sq_string
# elements: 1
# length: 10
face10.jpg



# name: <cell-element>
# type: sq_string
# elements: 1
# length: 10
face10.jpg





# name: positionX
# type: cell
# rows: 1
# columns: 8
# name: <cell-element>
# type: scalar
960



# name: <cell-element>
# type: scalar
960



# name: <cell-element>
# type: scalar
960



# name: <cell-element>
# type: scalar
960



# name: <cell-element>
# type: scalar
960



# name: <cell-element>
# type: scalar
960



# name: <cell-element>
# type: scalar
960



# name: <cell-element>
# type: scalar
960





# name: positionY
# type: cell
# rows: 1
# columns: 8
# name: <cell-element>
# type: scalar
540



# name: <cell-element>
# type: scalar
540



# name: <cell-element>
# type: scalar
540



# name: <cell-element>
# type: scalar
540



# name: <cell-element>
# type: scalar
540



# name: <cell-element>
# type: scalar
540



# name: <cell-element>
# type: scalar
540



# name: <cell-element>
# type: scalar
540





# name: reaction_time
# type: cell
# rows: 1
# columns: 8
# name: <cell-element>
# type: scalar
0.12079191207885742



# name: <cell-element>
# type: scalar
0.17007088661193848



# name: <cell-element>
# type: scalar
0.11983394622802734



# name: <cell-element>
# type: scalar
0.26051497459411621



# name: <cell-element>
# type: scalar
0.18019604682922363



# name: <cell-element>
# type: scalar
0.18028593063354492



# name: <cell-element>
# type: scalar
0.12014198303222656



# name: <cell-element>
# type: scalar
0.15026402473449707





# name: on_target_time
# type: cell
# rows: 1
# columns: 8
# name: <cell-element>
# type: scalar
0.013058900833129883



# name: <cell-element>
# type: scalar
0.15328192710876465



# name: <cell-element>
# type: scalar
0.02400517463684082



# name: <cell-element>
# type: scalar
0.0099658966064453125



# name: <cell-element>
# type: scalar
0.012124061584472656



# name: <cell-element>
# type: scalar
0.011905908584594727



# name: <cell-element>
# type: scalar
0.01995396614074707



# name: <cell-element>
# type: scalar
0.050036907196044922





# name: trial_error
# type: cell
# rows: 1
# columns: 8
# name: <cell-element>
# type: sq_string
# elements: 1
# length: 11
broke_early



# name: <cell-element>
# type: sq_string
# elements: 1
# length: 8
no_error



# name: <cell-element>
# type: sq_string
# elements: 1
# length: 11
broke_early



# name: <cell-element>
# type: sq_string
# elements: 1
# length: 11
broke_early



# name: <cell-element>
# type: sq_string
# elements: 1
# length: 11
broke_early



# name: <cell-element>
# type: sq_string
# elements: 1
# length: 11
broke_early



# name: <cell-element>
# type: sq_string
# elements: 1
# length: 11
broke_early



# name: <cell-element>
# type: sq_string
# elements: 1
# length: 11
broke_early





# name: gaze_position
# type: cell
# rows: 1
# columns: 8
# name: <cell-element>
# type: matrix
# rows: 2
# columns: 600
 989.35221469987096 988.67731463174198 983.61556412077437 982.94066405264539 992.22053998941931 995.59504033006431 977.54146350761334 988.67731463174198 984.96536425703243 984.45918920593567 991.376914904258 968.93648763896852 929.45483365342159 916.12555730787369 NaN NaN NaN NaN NaN NaN NaN NaN NaN NaN NaN NaN NaN NaN NaN NaN NaN NaN NaN NaN NaN NaN NaN NaN NaN NaN NaN NaN NaN NaN NaN NaN NaN NaN NaN NaN NaN NaN NaN NaN NaN NaN NaN NaN NaN NaN NaN NaN NaN NaN NaN NaN NaN NaN NaN NaN NaN NaN NaN NaN NaN NaN NaN NaN NaN NaN NaN NaN NaN NaN NaN NaN NaN NaN NaN NaN NaN NaN NaN NaN NaN NaN NaN NaN NaN NaN NaN NaN NaN NaN NaN NaN NaN NaN NaN NaN NaN NaN NaN NaN NaN NaN NaN NaN NaN NaN NaN NaN NaN NaN NaN NaN NaN NaN NaN NaN NaN NaN NaN NaN NaN NaN NaN NaN NaN NaN NaN NaN NaN NaN NaN NaN NaN NaN NaN NaN NaN NaN NaN NaN NaN NaN NaN NaN NaN NaN NaN NaN NaN NaN NaN NaN NaN NaN NaN NaN NaN NaN NaN NaN NaN NaN NaN NaN NaN NaN NaN NaN NaN NaN NaN NaN NaN NaN NaN NaN NaN NaN NaN NaN NaN NaN NaN NaN NaN NaN NaN NaN NaN NaN NaN NaN NaN NaN NaN NaN NaN NaN NaN NaN NaN NaN NaN NaN NaN NaN NaN NaN NaN NaN NaN NaN NaN NaN NaN NaN NaN NaN NaN NaN NaN NaN NaN NaN NaN NaN NaN NaN NaN NaN NaN NaN NaN NaN NaN NaN NaN NaN NaN NaN NaN NaN NaN NaN NaN NaN NaN NaN NaN NaN NaN NaN NaN NaN NaN NaN NaN NaN NaN NaN NaN NaN NaN NaN NaN NaN NaN NaN NaN NaN NaN NaN NaN NaN NaN NaN NaN NaN NaN NaN NaN NaN NaN NaN NaN NaN NaN NaN NaN NaN NaN NaN NaN NaN NaN NaN NaN NaN NaN NaN NaN NaN NaN NaN NaN NaN NaN NaN NaN NaN NaN NaN NaN NaN NaN NaN NaN NaN NaN NaN NaN NaN NaN NaN NaN NaN NaN NaN NaN NaN NaN NaN NaN NaN NaN NaN NaN NaN NaN NaN NaN NaN NaN NaN NaN NaN NaN NaN NaN NaN NaN NaN NaN NaN NaN NaN NaN NaN NaN NaN NaN NaN NaN NaN NaN NaN NaN NaN NaN NaN NaN NaN NaN NaN NaN NaN NaN NaN NaN NaN NaN NaN NaN NaN NaN NaN NaN NaN NaN NaN NaN NaN NaN NaN NaN NaN NaN NaN NaN NaN NaN NaN NaN NaN NaN NaN NaN NaN NaN NaN NaN NaN NaN NaN NaN NaN NaN NaN NaN NaN NaN NaN NaN NaN NaN NaN NaN NaN NaN NaN NaN NaN NaN NaN NaN NaN NaN NaN NaN NaN NaN NaN NaN NaN NaN NaN NaN NaN NaN NaN NaN NaN NaN NaN NaN NaN NaN NaN NaN NaN NaN NaN NaN NaN NaN NaN NaN NaN NaN NaN NaN NaN NaN NaN NaN NaN NaN NaN NaN NaN NaN NaN NaN NaN NaN NaN NaN NaN NaN NaN NaN NaN NaN NaN NaN NaN NaN NaN NaN NaN NaN NaN NaN NaN NaN NaN NaN NaN NaN NaN NaN NaN NaN NaN NaN NaN NaN NaN NaN NaN NaN NaN NaN NaN NaN NaN NaN NaN NaN NaN NaN NaN NaN NaN NaN NaN NaN NaN NaN NaN NaN NaN NaN NaN NaN NaN NaN NaN NaN NaN NaN NaN NaN NaN NaN NaN NaN NaN NaN NaN NaN NaN NaN NaN NaN NaN NaN NaN NaN NaN NaN NaN NaN NaN NaN NaN NaN NaN NaN NaN NaN NaN NaN NaN NaN NaN
