# Created by Octave 6.4.0, Wed Oct 11 13:44:26 2023 EDT <vpixx@vpixx>
# name: trial_records
# type: struct
# ndims: 2
 1 11
# length: 7
# name: stimulus
# type: cell
# rows: 1
# columns: 11
# name: <cell-element>
# type: sq_string
# elements: 1
# length: 10
face10.jpg



# name: <cell-element>
# type: sq_string
# elements: 1
# length: 10
face10.jpg



# name: <cell-element>
# type: sq_string
# elements: 1
# length: 10
face10.jpg



# name: <cell-element>
# type: sq_string
# elements: 1
# length: 10
face10.jpg



# name: <cell-element>
# type: sq_string
# elements: 1
# length: 10
face10.jpg



# name: <cell-element>
# type: sq_string
# elements: 1
# length: 10
face10.jpg



# name: <cell-element>
# type: sq_string
# elements: 1
# length: 10
face10.jpg



# name: <cell-element>
# type: sq_string
# elements: 1
# length: 10
face10.jpg



# name: <cell-element>
# type: sq_string
# elements: 1
# length: 10
face10.jpg



# name: <cell-element>
# type: sq_string
# elements: 1
# length: 10
face10.jpg



# name: <cell-element>
# type: sq_string
# elements: 1
# length: 10
face10.jpg





# name: positionX
# type: cell
# rows: 1
# columns: 11
# name: <cell-element>
# type: scalar
960



# name: <cell-element>
# type: scalar
960



# name: <cell-element>
# type: scalar
960



# name: <cell-element>
# type: scalar
960



# name: <cell-element>
# type: scalar
960



# name: <cell-element>
# type: scalar
960



# name: <cell-element>
# type: scalar
960



# name: <cell-element>
# type: scalar
960



# name: <cell-element>
# type: scalar
960



# name: <cell-element>
# type: scalar
960



# name: <cell-element>
# type: scalar
960





# name: positionY
# type: cell
# rows: 1
# columns: 11
# name: <cell-element>
# type: scalar
540



# name: <cell-element>
# type: scalar
540



# name: <cell-element>
# type: scalar
540



# name: <cell-element>
# type: scalar
540



# name: <cell-element>
# type: scalar
540



# name: <cell-element>
# type: scalar
540



# name: <cell-element>
# type: scalar
540



# name: <cell-element>
# type: scalar
540



# name: <cell-element>
# type: scalar
540



# name: <cell-element>
# type: scalar
540



# name: <cell-element>
# type: scalar
540





# name: reaction_time
# type: cell
# rows: 1
# columns: 11
# name: <cell-element>
# type: scalar
0.23026490211486816



# name: <cell-element>
# type: scalar
0.29045605659484863



# name: <cell-element>
# type: scalar
0.20996189117431641



# name: <cell-element>
# type: scalar
0.13017892837524414



# name: <cell-element>
# type: scalar
0.17051887512207031



# name: <cell-element>
# type: scalar
0.12965798377990723



# name: <cell-element>
# type: scalar
0.1351168155670166



# name: <cell-element>
# type: scalar
0.1603848934173584



# name: <cell-element>
# type: scalar
0.12049603462219238



# name: <cell-element>
# type: scalar
0.15071892738342285



# name: <cell-element>
# type: scalar
0.16106891632080078





# name: on_target_time
# type: cell
# rows: 1
# columns: 11
# name: <cell-element>
# type: scalar
0.011884927749633789



# name: <cell-element>
# type: scalar
0.010015964508056641



# name: <cell-element>
# type: scalar
0.020119905471801758



# name: <cell-element>
# type: scalar
0.020128965377807617



# name: <cell-element>
# type: scalar
0.023000001907348633



# name: <cell-element>
# type: scalar
0.11212515830993652



# name: <cell-element>
# type: scalar
0.03504490852355957



# name: <cell-element>
# type: scalar
0.10619783401489258



# name: <cell-element>
# type: scalar
0.14205598831176758



# name: <cell-element>
# type: scalar
0.016227006912231445



# name: <cell-element>
# type: scalar
0.063994884490966797





# name: trial_error
# type: cell
# rows: 1
# columns: 11
# name: <cell-element>
# type: sq_string
# elements: 1
# length: 11
broke_early



# name: <cell-element>
# type: sq_string
# elements: 1
# length: 11
broke_early



# name: <cell-element>
# type: sq_string
# elements: 1
# length: 11
broke_early



# name: <cell-element>
# type: sq_string
# elements: 1
# length: 11
broke_early



# name: <cell-element>
# type: sq_string
# elements: 1
# length: 11
broke_early



# name: <cell-element>
# type: sq_string
# elements: 1
# length: 8
no_error



# name: <cell-element>
# type: sq_string
# elements: 1
# length: 11
broke_early



# name: <cell-element>
# type: sq_string
# elements: 1
# length: 8
no_error



# name: <cell-element>
# type: sq_string
# elements: 1
# length: 8
no_error



# name: <cell-element>
# type: sq_string
# elements: 1
# length: 11
broke_early



# name: <cell-element>
# type: sq_string
# elements: 1
# length: 11
broke_early





# name: gaze_position
# type: cell
# rows: 1
# columns: 11
