# Created by Octave 6.4.0, Wed Oct 11 13:49:24 2023 EDT <vpixx@vpixx>
# name: trial_records
# type: struct
# ndims: 2
 1 6
# length: 7
# name: stimulus
# type: cell
# rows: 1
# columns: 6
# name: <cell-element>
# type: sq_string
# elements: 1
# length: 10
face10.jpg



# name: <cell-element>
# type: sq_string
# elements: 1
# length: 10
face10.jpg



# name: <cell-element>
# type: sq_string
# elements: 1
# length: 10
face10.jpg



# name: <cell-element>
# type: sq_string
# elements: 1
# length: 10
face10.jpg



# name: <cell-element>
# type: sq_string
# elements: 1
# length: 10
face10.jpg



# name: <cell-element>
# type: sq_string
# elements: 1
# length: 10
face10.jpg





# name: positionX
# type: cell
# rows: 1
# columns: 6
# name: <cell-element>
# type: scalar
960



# name: <cell-element>
# type: scalar
960



# name: <cell-element>
# type: scalar
960



# name: <cell-element>
# type: scalar
960



# name: <cell-element>
# type: scalar
960



# name: <cell-element>
# type: scalar
960





# name: positionY
# type: cell
# rows: 1
# columns: 6
# name: <cell-element>
# type: scalar
540



# name: <cell-element>
# type: scalar
540



# name: <cell-element>
# type: scalar
540



# name: <cell-element>
# type: scalar
540



# name: <cell-element>
# type: scalar
540



# name: <cell-element>
# type: scalar
540





# name: reaction_time
# type: cell
# rows: 1
# columns: 6
# name: <cell-element>
# type: scalar
0.24086499214172363



# name: <cell-element>
# type: scalar
0.36968588829040527



# name: <cell-element>
# type: scalar
NaN



# name: <cell-element>
# type: scalar
0.19040393829345703



# name: <cell-element>
# type: scalar
0.14066290855407715



# name: <cell-element>
# type: scalar
0.29029202461242676





# name: on_target_time
# type: cell
# rows: 1
# columns: 6
# name: <cell-element>
# type: scalar
0.017167091369628906



# name: <cell-element>
# type: scalar
0.014225006103515625



# name: <cell-element>
# type: scalar
NaN



# name: <cell-element>
# type: scalar
0.17687511444091797



# name: <cell-element>
# type: scalar
0.039935827255249023



# name: <cell-element>
# type: scalar
0.010241985321044922





# name: trial_error
# type: cell
# rows: 1
# columns: 6
# name: <cell-element>
# type: sq_string
# elements: 1
# length: 11
broke_early



# name: <cell-element>
# type: sq_string
# elements: 1
# length: 11
broke_early



# name: <cell-element>
# type: sq_string
# elements: 1
# length: 11
no_fixation



# name: <cell-element>
# type: sq_string
# elements: 1
# length: 8
no_error



# name: <cell-element>
# type: sq_string
# elements: 1
# length: 11
broke_early



# name: <cell-element>
# type: sq_string
# elements: 1
# length: 11
broke_early





# name: gaze_position
# type: cell
# rows: 1
# columns: 6
# name: <cell-element>
# type: matrix
# rows: 2
# columns: 600
 746.95756468791399 744.26539567110979 742.47061632657369 736.727322424058 757.72624075513079 739.77844730976949 740.67583698203748 757.18780695176997 748.57286609799655 754.67511586941941 808.69797413995695 891.97573572643353 915.84630100876416 914.05152166422806 939.89634422554832 931.99931510958936 945.99859399697129 936.12730760202248 926.43549914152732 935.22991792975449 930.02505783059951 936.66574140538319 936.66574140538319 932.71722684740371 950.12658648940419 933.79409445412557 NaN NaN NaN NaN NaN NaN NaN NaN NaN NaN NaN NaN NaN NaN NaN NaN NaN NaN NaN NaN NaN NaN NaN NaN NaN NaN NaN NaN NaN NaN NaN NaN NaN NaN NaN NaN NaN NaN NaN NaN NaN NaN NaN NaN NaN NaN NaN NaN NaN NaN NaN NaN NaN NaN NaN NaN NaN NaN NaN NaN NaN NaN NaN NaN NaN NaN NaN NaN NaN NaN NaN NaN NaN NaN NaN NaN NaN NaN NaN NaN NaN NaN NaN NaN NaN NaN NaN NaN NaN NaN NaN NaN NaN NaN NaN NaN NaN NaN NaN NaN NaN NaN NaN NaN NaN NaN NaN NaN NaN NaN NaN NaN NaN NaN NaN NaN NaN NaN NaN NaN NaN NaN NaN NaN NaN NaN NaN NaN NaN NaN NaN NaN NaN NaN NaN NaN NaN NaN NaN NaN NaN NaN NaN NaN NaN NaN NaN NaN NaN NaN NaN NaN NaN NaN NaN NaN NaN NaN NaN NaN NaN NaN NaN NaN NaN NaN NaN NaN NaN NaN NaN NaN NaN NaN NaN NaN NaN NaN NaN NaN NaN NaN NaN NaN NaN NaN NaN NaN NaN NaN NaN NaN NaN NaN NaN NaN NaN NaN NaN NaN NaN NaN NaN NaN NaN NaN NaN NaN NaN NaN NaN NaN NaN NaN NaN NaN NaN NaN NaN NaN NaN NaN NaN NaN NaN NaN NaN NaN NaN NaN NaN NaN NaN NaN NaN NaN NaN NaN NaN NaN NaN NaN NaN NaN NaN NaN NaN NaN NaN NaN NaN NaN NaN NaN NaN NaN NaN NaN NaN NaN NaN NaN NaN NaN NaN NaN NaN NaN NaN NaN NaN NaN NaN NaN NaN NaN NaN NaN NaN NaN NaN NaN NaN NaN NaN NaN NaN NaN NaN NaN NaN NaN NaN NaN NaN NaN NaN NaN NaN NaN NaN NaN NaN NaN NaN NaN NaN NaN NaN NaN NaN NaN NaN NaN NaN NaN NaN NaN NaN NaN NaN NaN NaN NaN NaN NaN NaN NaN NaN NaN NaN NaN NaN NaN NaN NaN NaN NaN NaN NaN NaN NaN NaN NaN NaN NaN NaN NaN NaN NaN NaN NaN NaN NaN NaN NaN NaN NaN NaN NaN NaN NaN NaN NaN NaN NaN NaN NaN NaN NaN NaN NaN NaN NaN NaN NaN NaN NaN NaN NaN NaN NaN NaN NaN NaN NaN NaN NaN NaN NaN NaN NaN NaN NaN NaN NaN NaN NaN NaN NaN NaN NaN NaN NaN NaN NaN NaN NaN NaN NaN NaN NaN NaN NaN NaN NaN NaN NaN NaN NaN NaN NaN NaN NaN NaN NaN NaN NaN NaN NaN NaN NaN NaN NaN NaN NaN NaN NaN NaN NaN NaN NaN NaN NaN NaN NaN NaN NaN NaN NaN NaN NaN NaN NaN NaN NaN NaN NaN NaN NaN NaN NaN NaN NaN NaN NaN NaN NaN NaN NaN NaN NaN NaN NaN NaN NaN NaN NaN NaN NaN NaN NaN NaN NaN NaN NaN NaN NaN NaN NaN NaN NaN NaN NaN NaN NaN NaN NaN NaN NaN NaN NaN NaN NaN NaN NaN NaN NaN NaN NaN NaN NaN NaN NaN NaN NaN NaN NaN NaN NaN NaN NaN NaN NaN NaN NaN NaN NaN NaN NaN NaN NaN NaN NaN NaN NaN NaN NaN NaN NaN NaN NaN NaN NaN NaN NaN NaN NaN NaN NaN NaN NaN NaN NaN NaN NaN NaN NaN NaN NaN NaN NaN NaN NaN NaN NaN NaN NaN NaN NaN NaN NaN NaN NaN
