# Created by Octave 6.4.0, Tue Nov 21 17:21:02 2023 EST <vpixx@vpixx>
# name: trial_records
# type: struct
# ndims: 2
 1 5
# length: 6
# name: stimulus
# type: cell
# rows: 1
# columns: 5
# name: <cell-element>
# type: sq_string
# elements: 1
# length: 9
face8.jpg



# name: <cell-element>
# type: sq_string
# elements: 1
# length: 9
face8.jpg



# name: <cell-element>
# type: sq_string
# elements: 1
# length: 9
face8.jpg



# name: <cell-element>
# type: sq_string
# elements: 1
# length: 9
face8.jpg



# name: <cell-element>
# type: sq_string
# elements: 1
# length: 9
face8.jpg





# name: positionX
# type: cell
# rows: 1
# columns: 5
# name: <cell-element>
# type: scalar
960



# name: <cell-element>
# type: scalar
960



# name: <cell-element>
# type: scalar
960



# name: <cell-element>
# type: scalar
960



# name: <cell-element>
# type: scalar
960





# name: positionY
# type: cell
# rows: 1
# columns: 5
# name: <cell-element>
# type: scalar
540



# name: <cell-element>
# type: scalar
540



# name: <cell-element>
# type: scalar
540



# name: <cell-element>
# type: scalar
540



# name: <cell-element>
# type: scalar
540





# name: reaction_time
# type: cell
# rows: 1
# columns: 5
# name: <cell-element>
# type: scalar
0.27574491500854492



# name: <cell-element>
# type: scalar
0.34344291687011719



# name: <cell-element>
# type: scalar
0.24245405197143555



# name: <cell-element>
# type: scalar
0.00097894668579101562



# name: <cell-element>
# type: scalar
0.000186920166015625





# name: on_target_time
# type: cell
# rows: 1
# columns: 5
# name: <cell-element>
# type: scalar
0.032485008239746094



# name: <cell-element>
# type: scalar
0.0332489013671875



# name: <cell-element>
# type: scalar
0.033356904983520508



# name: <cell-element>
# type: scalar
0.033128023147583008



# name: <cell-element>
# type: scalar
0.026010036468505859





# name: trial_error
# type: cell
# rows: 1
# columns: 5
# name: <cell-element>
# type: sq_string
# elements: 1
# length: 4
miss



# name: <cell-element>
# type: sq_string
# elements: 1
# length: 3
hit



# name: <cell-element>
# type: sq_string
# elements: 1
# length: 11
no_response



# name: <cell-element>
# type: sq_string
# elements: 1
# length: 11
no_response



# name: <cell-element>
# type: sq_string
# elements: 1
# length: 3
hit







