# Created by Octave 6.4.0, Wed Mar 15 11:57:54 2023 EDT <vpixx@vpixx>
# name: trial_records
# type: struct
# ndims: 2
 1 10
# length: 7
# name: stimulus
# type: cell
# rows: 1
# columns: 10
# name: <cell-element>
# type: sq_string
# elements: 1
# length: 9
face8.jpg



# name: <cell-element>
# type: sq_string
# elements: 1
# length: 9
face8.jpg



# name: <cell-element>
# type: sq_string
# elements: 1
# length: 9
face8.jpg



# name: <cell-element>
# type: sq_string
# elements: 1
# length: 9
face8.jpg



# name: <cell-element>
# type: sq_string
# elements: 1
# length: 9
face8.jpg



# name: <cell-element>
# type: sq_string
# elements: 1
# length: 9
face8.jpg



# name: <cell-element>
# type: sq_string
# elements: 1
# length: 9
face8.jpg



# name: <cell-element>
# type: sq_string
# elements: 1
# length: 9
face8.jpg



# name: <cell-element>
# type: sq_string
# elements: 1
# length: 9
face8.jpg



# name: <cell-element>
# type: sq_string
# elements: 1
# length: 9
face8.jpg





# name: positionX
# type: cell
# rows: 1
# columns: 10
# name: <cell-element>
# type: scalar
960



# name: <cell-element>
# type: scalar
960



# name: <cell-element>
# type: scalar
960



# name: <cell-element>
# type: scalar
960



# name: <cell-element>
# type: scalar
960



# name: <cell-element>
# type: scalar
960



# name: <cell-element>
# type: scalar
960



# name: <cell-element>
# type: scalar
960



# name: <cell-element>
# type: scalar
960



# name: <cell-element>
# type: scalar
960





# name: positionY
# type: cell
# rows: 1
# columns: 10
# name: <cell-element>
# type: scalar
540



# name: <cell-element>
# type: scalar
540



# name: <cell-element>
# type: scalar
540



# name: <cell-element>
# type: scalar
540



# name: <cell-element>
# type: scalar
540



# name: <cell-element>
# type: scalar
540



# name: <cell-element>
# type: scalar
540



# name: <cell-element>
# type: scalar
540



# name: <cell-element>
# type: scalar
540



# name: <cell-element>
# type: scalar
540





# name: reaction_time
# type: cell
# rows: 1
# columns: 10
# name: <cell-element>
# type: scalar
0.21231698989868164



# name: <cell-element>
# type: scalar
0.016332149505615234



# name: <cell-element>
# type: scalar
0.13668394088745117



# name: <cell-element>
# type: scalar
0.69199609756469727



# name: <cell-element>
# type: scalar
NaN



# name: <cell-element>
# type: scalar
0.56954503059387207



# name: <cell-element>
# type: scalar
0.67527103424072266



# name: <cell-element>
# type: scalar
0.060502052307128906



# name: <cell-element>
# type: scalar
0.16502118110656738



# name: <cell-element>
# type: scalar
0.18468499183654785





# name: on_target_time
# type: cell
# rows: 1
# columns: 10
# name: <cell-element>
# type: scalar
0.029947996139526367



# name: <cell-element>
# type: scalar
0.2099299430847168



# name: <cell-element>
# type: scalar
0.1800079345703125



# name: <cell-element>
# type: scalar
0.016921043395996094



# name: <cell-element>
# type: scalar
NaN



# name: <cell-element>
# type: scalar
0.015164852142333984



# name: <cell-element>
# type: scalar
0.016980886459350586



# name: <cell-element>
# type: scalar
0.014973163604736328



# name: <cell-element>
# type: scalar
0.014879941940307617



# name: <cell-element>
# type: scalar
0.015842914581298828





# name: trial_error
# type: cell
# rows: 1
# columns: 10
# name: <cell-element>
# type: sq_string
# elements: 1
# length: 11
broke_early



# name: <cell-element>
# type: sq_string
# elements: 1
# length: 8
no_error



# name: <cell-element>
# type: sq_string
# elements: 1
# length: 8
no_error



# name: <cell-element>
# type: sq_string
# elements: 1
# length: 11
broke_early



# name: <cell-element>
# type: sq_string
# elements: 1
# length: 11
no_fixation



# name: <cell-element>
# type: sq_string
# elements: 1
# length: 11
broke_early



# name: <cell-element>
# type: sq_string
# elements: 1
# length: 11
broke_early



# name: <cell-element>
# type: sq_string
# elements: 1
# length: 11
broke_early



# name: <cell-element>
# type: sq_string
# elements: 1
# length: 11
broke_early



# name: <cell-element>
# type: sq_string
# elements: 1
# length: 11
broke_early





# name: gaze_position
# type: cell
# rows: 1
# columns: 10
