# Created by Octave 6.4.0, Wed Mar 15 12:01:50 2023 EDT <vpixx@vpixx>
# name: trial_records
# type: struct
# ndims: 2
 1 6
# length: 6
# name: stimulus
# type: cell
# rows: 1
# columns: 6
# name: <cell-element>
# type: sq_string
# elements: 1
# length: 9
face8.jpg



# name: <cell-element>
# type: sq_string
# elements: 1
# length: 9
face8.jpg



# name: <cell-element>
# type: sq_string
# elements: 1
# length: 9
face8.jpg



# name: <cell-element>
# type: sq_string
# elements: 1
# length: 9
face8.jpg



# name: <cell-element>
# type: sq_string
# elements: 1
# length: 9
face8.jpg



# name: <cell-element>
# type: sq_string
# elements: 1
# length: 9
face8.jpg





# name: positionX
# type: cell
# rows: 1
# columns: 6
# name: <cell-element>
# type: scalar
960



# name: <cell-element>
# type: scalar
960



# name: <cell-element>
# type: scalar
960



# name: <cell-element>
# type: scalar
960



# name: <cell-element>
# type: scalar
960



# name: <cell-element>
# type: scalar
960





# name: positionY
# type: cell
# rows: 1
# columns: 6
# name: <cell-element>
# type: scalar
540



# name: <cell-element>
# type: scalar
540



# name: <cell-element>
# type: scalar
540



# name: <cell-element>
# type: scalar
540



# name: <cell-element>
# type: scalar
540



# name: <cell-element>
# type: scalar
540





# name: reaction_time
# type: cell
# rows: 1
# columns: 6
# name: <cell-element>
# type: scalar
0.14993810653686523



# name: <cell-element>
# type: scalar
0.25793600082397461



# name: <cell-element>
# type: scalar
0.16463685035705566



# name: <cell-element>
# type: scalar
0.15146899223327637



# name: <cell-element>
# type: scalar
0.12216806411743164



# name: <cell-element>
# type: scalar
0.61673307418823242





# name: on_target_time
# type: cell
# rows: 1
# columns: 6
# name: <cell-element>
# type: scalar
0.030045032501220703



# name: <cell-element>
# type: scalar
0.030117988586425781



# name: <cell-element>
# type: scalar
0.030066013336181641



# name: <cell-element>
# type: scalar
0.030131101608276367



# name: <cell-element>
# type: scalar
0.029958963394165039



# name: <cell-element>
# type: scalar
0.015135049819946289





# name: trial_error
# type: cell
# rows: 1
# columns: 6
# name: <cell-element>
# type: sq_string
# elements: 1
# length: 4
miss



# name: <cell-element>
# type: sq_string
# elements: 1
# length: 4
miss



# name: <cell-element>
# type: sq_string
# elements: 1
# length: 3
hit



# name: <cell-element>
# type: sq_string
# elements: 1
# length: 4
miss



# name: <cell-element>
# type: sq_string
# elements: 1
# length: 3
hit



# name: <cell-element>
# type: sq_string
# elements: 1
# length: 14
broke_fixation







