# Created by Octave 6.4.0, Thu Dec 21 21:00:49 2023 EST <vpixx@vpixx>
# name: trial_records
# type: struct
# ndims: 2
 1 3
# length: 6
# name: stimulus
# type: cell
# rows: 1
# columns: 3
# name: <cell-element>
# type: sq_string
# elements: 1
# length: 9
face8.jpg



# name: <cell-element>
# type: sq_string
# elements: 1
# length: 9
face8.jpg



# name: <cell-element>
# type: sq_string
# elements: 1
# length: 9
face8.jpg





# name: positionX
# type: cell
# rows: 1
# columns: 3
# name: <cell-element>
# type: scalar
960



# name: <cell-element>
# type: scalar
960



# name: <cell-element>
# type: scalar
960





# name: positionY
# type: cell
# rows: 1
# columns: 3
# name: <cell-element>
# type: scalar
540



# name: <cell-element>
# type: scalar
540



# name: <cell-element>
# type: scalar
540





# name: reaction_time
# type: cell
# rows: 1
# columns: 3
# name: <cell-element>
# type: scalar
0.18382787704467773



# name: <cell-element>
# type: scalar
0.34278702735900879



# name: <cell-element>
# type: scalar
0.39287185668945312





# name: on_target_time
# type: cell
# rows: 1
# columns: 3
# name: <cell-element>
# type: scalar
0.032790899276733398



# name: <cell-element>
# type: scalar
0.032959938049316406



# name: <cell-element>
# type: scalar
0.033015966415405273





# name: trial_error
# type: cell
# rows: 1
# columns: 3
# name: <cell-element>
# type: sq_string
# elements: 1
# length: 11
no_response



# name: <cell-element>
# type: sq_string
# elements: 1
# length: 11
no_response



# name: <cell-element>
# type: sq_string
# elements: 1
# length: 3
hit







