# Created by Octave 6.4.0, Wed Nov 22 15:58:36 2023 EST <vpixx@vpixx>
# name: expt_info
# type: scalar struct
# ndims: 2
 1 1
# length: 23
# name: scaler
# type: scalar
0.40000000000000002


# name: smallScaler
# type: scalar
0.40000000000000002


# name: trackWinFactor
# type: scalar
2.2000000000000002


# name: scaleVal1
# type: scalar
200


# name: scaleVal2
# type: scalar
20


# name: stimulusScaler
# type: scalar
15.50533417573568


# name: stimulusCenter
# type: matrix
# rows: 1
# columns: 2
 825 675


# name: waitframes
# type: scalar
30


# name: waitFixation
# type: scalar
0.75


# name: rewardConsumePeriod
# type: scalar
2


# name: ms
# type: scalar
10


# name: minTargetTime
# type: scalar
0.5


# name: maxTrs
# type: scalar
10000


# name: responseWaitMin
# type: scalar
0.125


# name: responseWaitMax
# type: scalar
1


# name: gazeMoveTime
# type: scalar
1


# name: maxFixationTime
# type: scalar
4


# name: minFixationTime
# type: scalar
0.10000000000000001


# name: rewardScaler
# type: scalar
0.90000000000000002


# name: FR
# type: scalar
120


# name: gridSize
# type: scalar
256


# name: fixPointWindowSize
# type: scalar
100


# name: imageLocation
# type: cell
# rows: 1
# columns: 300
# name: <cell-element>
# type: sq_string
# elements: 1
# length: 46
/home/vpixx/ImagesandRecords/images/100075.jpg



# name: <cell-element>
# type: sq_string
# elements: 1
# length: 46
/home/vpixx/ImagesandRecords/images/100080.jpg



# name: <cell-element>
# type: sq_string
# elements: 1
# length: 46
/home/vpixx/ImagesandRecords/images/100098.jpg



# name: <cell-element>
# type: sq_string
# elements: 1
# length: 46
/home/vpixx/ImagesandRecords/images/101085.jpg



# name: <cell-element>
# type: sq_string
# elements: 1
# length: 46
/home/vpixx/ImagesandRecords/images/101087.jpg



# name: <cell-element>
# type: sq_string
# elements: 1
# length: 46
/home/vpixx/ImagesandRecords/images/102061.jpg



# name: <cell-element>
# type: sq_string
# elements: 1
# length: 46
/home/vpixx/ImagesandRecords/images/103041.jpg



# name: <cell-element>
# type: sq_string
# elements: 1
# length: 46
/home/vpixx/ImagesandRecords/images/103070.jpg



# name: <cell-element>
# type: sq_string
# elements: 1
# length: 46
/home/vpixx/ImagesandRecords/images/104022.jpg



# name: <cell-element>
# type: sq_string
# elements: 1
# length: 46
/home/vpixx/ImagesandRecords/images/105019.jpg



# name: <cell-element>
# type: sq_string
# elements: 1
# length: 46
/home/vpixx/ImagesandRecords/images/105025.jpg



# name: <cell-element>
# type: sq_string
# elements: 1
# length: 46
/home/vpixx/ImagesandRecords/images/105053.jpg



# name: <cell-element>
# type: sq_string
# elements: 1
# length: 46
/home/vpixx/ImagesandRecords/images/106020.jpg



# name: <cell-element>
# type: sq_string
# elements: 1
# length: 46
/home/vpixx/ImagesandRecords/images/106024.jpg



# name: <cell-element>
# type: sq_string
# elements: 1
# length: 46
/home/vpixx/ImagesandRecords/images/106025.jpg



# name: <cell-element>
# type: sq_string
# elements: 1
# length: 46
/home/vpixx/ImagesandRecords/images/108005.jpg



# name: <cell-element>
# type: sq_string
# elements: 1
# length: 46
/home/vpixx/ImagesandRecords/images/108041.jpg



# name: <cell-element>
# type: sq_string
# elements: 1
# length: 46
/home/vpixx/ImagesandRecords/images/108070.jpg



# name: <cell-element>
# type: sq_string
# elements: 1
# length: 46
/home/vpixx/ImagesandRecords/images/108073.jpg



# name: <cell-element>
# type: sq_string
# elements: 1
# length: 46
/home/vpixx/ImagesandRecords/images/108082.jpg



# name: <cell-element>
# type: sq_string
# elements: 1
# length: 46
/home/vpixx/ImagesandRecords/images/109034.jpg



# name: <cell-element>
# type: sq_string
# elements: 1
# length: 46
/home/vpixx/ImagesandRecords/images/109053.jpg



# name: <cell-element>
# type: sq_string
# elements: 1
# length: 46
/home/vpixx/ImagesandRecords/images/112082.jpg



# name: <cell-element>
# type: sq_string
# elements: 1
# length: 46
/home/vpixx/ImagesandRecords/images/113009.jpg



# name: <cell-element>
# type: sq_string
# elements: 1
# length: 46
/home/vpixx/ImagesandRecords/images/113016.jpg



# name: <cell-element>
# type: sq_string
# elements: 1
# length: 46
/home/vpixx/ImagesandRecords/images/113044.jpg



# name: <cell-element>
# type: sq_string
# elements: 1
# length: 46
/home/vpixx/ImagesandRecords/images/117054.jpg



# name: <cell-element>
# type: sq_string
# elements: 1
# length: 46
/home/vpixx/ImagesandRecords/images/118020.jpg



# name: <cell-element>
# type: sq_string
# elements: 1
# length: 46
/home/vpixx/ImagesandRecords/images/118035.jpg



# name: <cell-element>
# type: sq_string
# elements: 1
# length: 46
/home/vpixx/ImagesandRecords/images/119082.jpg



# name: <cell-element>
# type: sq_string
# elements: 1
# length: 45
/home/vpixx/ImagesandRecords/images/12003.jpg



# name: <cell-element>
# type: sq_string
# elements: 1
# length: 45
/home/vpixx/ImagesandRecords/images/12074.jpg



# name: <cell-element>
# type: sq_string
# elements: 1
# length: 45
/home/vpixx/ImagesandRecords/images/12084.jpg



# name: <cell-element>
# type: sq_string
# elements: 1
# length: 46
/home/vpixx/ImagesandRecords/images/122048.jpg



# name: <cell-element>
# type: sq_string
# elements: 1
# length: 46
/home/vpixx/ImagesandRecords/images/123074.jpg



# name: <cell-element>
# type: sq_string
# elements: 1
# length: 46
/home/vpixx/ImagesandRecords/images/124084.jpg



# name: <cell-element>
# type: sq_string
# elements: 1
# length: 46
/home/vpixx/ImagesandRecords/images/126007.jpg



# name: <cell-element>
# type: sq_string
# elements: 1
# length: 46
/home/vpixx/ImagesandRecords/images/126039.jpg



# name: <cell-element>
# type: sq_string
# elements: 1
# length: 46
/home/vpixx/ImagesandRecords/images/130026.jpg



# name: <cell-element>
# type: sq_string
# elements: 1
# length: 46
/home/vpixx/ImagesandRecords/images/130034.jpg



# name: <cell-element>
# type: sq_string
# elements: 1
# length: 46
/home/vpixx/ImagesandRecords/images/134008.jpg



# name: <cell-element>
# type: sq_string
# elements: 1
# length: 46
/home/vpixx/ImagesandRecords/images/134035.jpg



# name: <cell-element>
# type: sq_string
# elements: 1
# length: 46
/home/vpixx/ImagesandRecords/images/134052.jpg



# name: <cell-element>
# type: sq_string
# elements: 1
# length: 46
/home/vpixx/ImagesandRecords/images/135037.jpg



# name: <cell-element>
# type: sq_string
# elements: 1
# length: 46
/home/vpixx/ImagesandRecords/images/135069.jpg



# name: <cell-element>
# type: sq_string
# elements: 1
# length: 46
/home/vpixx/ImagesandRecords/images/138032.jpg



# name: <cell-element>
# type: sq_string
# elements: 1
# length: 46
/home/vpixx/ImagesandRecords/images/138078.jpg



# name: <cell-element>
# type: sq_string
# elements: 1
# length: 46
/home/vpixx/ImagesandRecords/images/140055.jpg



# name: <cell-element>
# type: sq_string
# elements: 1
# length: 46
/home/vpixx/ImagesandRecords/images/140075.jpg



# name: <cell-element>
# type: sq_string
# elements: 1
# length: 45
/home/vpixx/ImagesandRecords/images/14037.jpg



# name: <cell-element>
# type: sq_string
# elements: 1
# length: 46
/home/vpixx/ImagesandRecords/images/143090.jpg



# name: <cell-element>
# type: sq_string
# elements: 1
# length: 46
/home/vpixx/ImagesandRecords/images/144067.jpg



# name: <cell-element>
# type: sq_string
# elements: 1
# length: 46
/home/vpixx/ImagesandRecords/images/145014.jpg



# name: <cell-element>
# type: sq_string
# elements: 1
# length: 46
/home/vpixx/ImagesandRecords/images/145053.jpg



# name: <cell-element>
# type: sq_string
# elements: 1
# length: 46
/home/vpixx/ImagesandRecords/images/145086.jpg



# name: <cell-element>
# type: sq_string
# elements: 1
# length: 46
/home/vpixx/ImagesandRecords/images/147021.jpg



# name: <cell-element>
# type: sq_string
# elements: 1
# length: 46
/home/vpixx/ImagesandRecords/images/147062.jpg



