# Created by Octave 6.4.0, Fri Feb 02 10:39:50 2024 EST <vpixx@vpixx>
# name: trial_records
# type: struct
# ndims: 2
 1 10
# length: 7
# name: stimulus
# type: cell
# rows: 1
# columns: 10
# name: <cell-element>
# type: sq_string
# elements: 1
# length: 9
face8.jpg



# name: <cell-element>
# type: sq_string
# elements: 1
# length: 9
face8.jpg



# name: <cell-element>
# type: sq_string
# elements: 1
# length: 9
face8.jpg



# name: <cell-element>
# type: sq_string
# elements: 1
# length: 9
face8.jpg



# name: <cell-element>
# type: sq_string
# elements: 1
# length: 9
face8.jpg



# name: <cell-element>
# type: sq_string
# elements: 1
# length: 9
face8.jpg



# name: <cell-element>
# type: sq_string
# elements: 1
# length: 9
face8.jpg



# name: <cell-element>
# type: sq_string
# elements: 1
# length: 9
face8.jpg



# name: <cell-element>
# type: sq_string
# elements: 1
# length: 9
face8.jpg



# name: <cell-element>
# type: sq_string
# elements: 1
# length: 9
face8.jpg





# name: positionX
# type: cell
# rows: 1
# columns: 10
# name: <cell-element>
# type: scalar
960



# name: <cell-element>
# type: scalar
960



# name: <cell-element>
# type: scalar
960



# name: <cell-element>
# type: scalar
960



# name: <cell-element>
# type: scalar
960



# name: <cell-element>
# type: scalar
960



# name: <cell-element>
# type: scalar
960



# name: <cell-element>
# type: scalar
960



# name: <cell-element>
# type: scalar
960



# name: <cell-element>
# type: scalar
960





# name: positionY
# type: cell
# rows: 1
# columns: 10
# name: <cell-element>
# type: scalar
540



# name: <cell-element>
# type: scalar
540



# name: <cell-element>
# type: scalar
540



# name: <cell-element>
# type: scalar
540



# name: <cell-element>
# type: scalar
540



# name: <cell-element>
# type: scalar
540



# name: <cell-element>
# type: scalar
540



# name: <cell-element>
# type: scalar
540



# name: <cell-element>
# type: scalar
540



# name: <cell-element>
# type: scalar
540





# name: reaction_time
# type: cell
# rows: 1
# columns: 10
# name: <cell-element>
# type: scalar
0.1497189998626709



# name: <cell-element>
# type: scalar
0.0006389617919921875



# name: <cell-element>
# type: scalar
0.12007904052734375



# name: <cell-element>
# type: scalar
0.33507013320922852



# name: <cell-element>
# type: scalar
0.30160808563232422



# name: <cell-element>
# type: scalar
0.16658496856689453



# name: <cell-element>
# type: scalar
0.12112188339233398



# name: <cell-element>
# type: scalar
0.18181991577148438



# name: <cell-element>
# type: scalar
0.1511688232421875



# name: <cell-element>
# type: scalar
0.19630694389343262





# name: on_target_time
# type: cell
# rows: 1
# columns: 10
# name: <cell-element>
# type: scalar
0.1519920825958252



# name: <cell-element>
# type: scalar
0.15176200866699219



# name: <cell-element>
# type: scalar
0.015123128890991211



# name: <cell-element>
# type: scalar
0.074990987777709961



# name: <cell-element>
# type: scalar
0.015505075454711914



# name: <cell-element>
# type: scalar
0.1349949836730957



# name: <cell-element>
# type: scalar
0.14999294281005859



# name: <cell-element>
# type: scalar
0.074919939041137695



# name: <cell-element>
# type: scalar
0.1948699951171875



# name: <cell-element>
# type: scalar
0.16498804092407227





# name: trial_error
# type: cell
# rows: 1
# columns: 10
# name: <cell-element>
# type: sq_string
# elements: 1
# length: 8
no_error



# name: <cell-element>
# type: sq_string
# elements: 1
# length: 8
no_error



# name: <cell-element>
# type: sq_string
# elements: 1
# length: 11
broke_early



# name: <cell-element>
# type: sq_string
# elements: 1
# length: 11
broke_early



# name: <cell-element>
# type: sq_string
# elements: 1
# length: 11
broke_early



# name: <cell-element>
# type: sq_string
# elements: 1
# length: 8
no_error



# name: <cell-element>
# type: sq_string
# elements: 1
# length: 8
no_error



# name: <cell-element>
# type: sq_string
# elements: 1
# length: 11
broke_early



# name: <cell-element>
# type: sq_string
# elements: 1
# length: 8
no_error



# name: <cell-element>
# type: sq_string
# elements: 1
# length: 8
no_error





# name: gaze_position
# type: cell
# rows: 1
# columns: 10
