# Created by Octave 6.4.0, Fri Feb 02 10:40:43 2024 EST <vpixx@vpixx>
# name: trial_records
# type: struct
# ndims: 2
 1 6
# length: 7
# name: stimulus
# type: cell
# rows: 1
# columns: 6
# name: <cell-element>
# type: sq_string
# elements: 1
# length: 9
face8.jpg



# name: <cell-element>
# type: sq_string
# elements: 1
# length: 9
face8.jpg



# name: <cell-element>
# type: sq_string
# elements: 1
# length: 9
face8.jpg



# name: <cell-element>
# type: sq_string
# elements: 1
# length: 9
face8.jpg



# name: <cell-element>
# type: sq_string
# elements: 1
# length: 9
face8.jpg



# name: <cell-element>
# type: sq_string
# elements: 1
# length: 9
face8.jpg





# name: positionX
# type: cell
# rows: 1
# columns: 6
# name: <cell-element>
# type: scalar
960



# name: <cell-element>
# type: scalar
960



# name: <cell-element>
# type: scalar
960



# name: <cell-element>
# type: scalar
960



# name: <cell-element>
# type: scalar
960



# name: <cell-element>
# type: scalar
960





# name: positionY
# type: cell
# rows: 1
# columns: 6
# name: <cell-element>
# type: scalar
540



# name: <cell-element>
# type: scalar
540



# name: <cell-element>
# type: scalar
540



# name: <cell-element>
# type: scalar
540



# name: <cell-element>
# type: scalar
540



# name: <cell-element>
# type: scalar
540





# name: reaction_time
# type: cell
# rows: 1
# columns: 6
# name: <cell-element>
# type: scalar
0.30299282073974609



# name: <cell-element>
# type: scalar
0.30197691917419434



# name: <cell-element>
# type: scalar
0.13622093200683594



# name: <cell-element>
# type: scalar
0.2111971378326416



# name: <cell-element>
# type: scalar
0.13675403594970703



# name: <cell-element>
# type: scalar
0.10674691200256348





# name: on_target_time
# type: cell
# rows: 1
# columns: 6
# name: <cell-element>
# type: scalar
0.014878034591674805



# name: <cell-element>
# type: scalar
0.029997825622558594



# name: <cell-element>
# type: scalar
0.13507390022277832



# name: <cell-element>
# type: scalar
0.40497899055480957



# name: <cell-element>
# type: scalar
0.029999017715454102



# name: <cell-element>
# type: scalar
0.029993057250976562





# name: trial_error
# type: cell
# rows: 1
# columns: 6
# name: <cell-element>
# type: sq_string
# elements: 1
# length: 11
broke_early



# name: <cell-element>
# type: sq_string
# elements: 1
# length: 11
broke_early



# name: <cell-element>
# type: sq_string
# elements: 1
# length: 8
no_error



# name: <cell-element>
# type: sq_string
# elements: 1
# length: 8
no_error



# name: <cell-element>
# type: sq_string
# elements: 1
# length: 11
broke_early



# name: <cell-element>
# type: sq_string
# elements: 1
# length: 11
broke_early





# name: gaze_position
# type: cell
# rows: 1
# columns: 6
# name: <cell-element>
# type: matrix
# rows: 2
# columns: 600
 928.94796507387446 925.84074390517821 927.53559181537616 924.14589599498038 925.84074390517821 920.19125087118528 926.40569320857753 925.84074390517821 962.56244862613278 968.49441631182538 971.60163748052162 964.82224583972993 966.51709374992788 969.62431491862401 971.60163748052162 971.60163748052162 964.82224583972993 969.34184026692435 972.16658678392093 986.00784471720374 991.93981240289634 982.61814889680795 NaN NaN NaN NaN NaN NaN NaN NaN NaN NaN NaN NaN NaN NaN NaN NaN NaN NaN NaN NaN NaN NaN NaN NaN NaN NaN NaN NaN NaN NaN NaN NaN NaN NaN NaN NaN NaN NaN NaN NaN NaN NaN NaN NaN NaN NaN NaN NaN NaN NaN NaN NaN NaN NaN NaN NaN NaN NaN NaN NaN NaN NaN NaN NaN NaN NaN NaN NaN NaN NaN NaN NaN NaN NaN NaN NaN NaN NaN NaN NaN NaN NaN NaN NaN NaN NaN NaN NaN NaN NaN NaN NaN NaN NaN NaN NaN NaN NaN NaN NaN NaN NaN NaN NaN NaN NaN NaN NaN NaN NaN NaN NaN NaN NaN NaN NaN NaN NaN NaN NaN NaN NaN NaN NaN NaN NaN NaN NaN NaN NaN NaN NaN NaN NaN NaN NaN NaN NaN NaN NaN NaN NaN NaN NaN NaN NaN NaN NaN NaN NaN NaN NaN NaN NaN NaN NaN NaN NaN NaN NaN NaN NaN NaN NaN NaN NaN NaN NaN NaN NaN NaN NaN NaN NaN NaN NaN NaN NaN NaN NaN NaN NaN NaN NaN NaN NaN NaN NaN NaN NaN NaN NaN NaN NaN NaN NaN NaN NaN NaN NaN NaN NaN NaN NaN NaN NaN NaN NaN NaN NaN NaN NaN NaN NaN NaN NaN NaN NaN NaN NaN NaN NaN NaN NaN NaN NaN NaN NaN NaN NaN NaN NaN NaN NaN NaN NaN NaN NaN NaN NaN NaN NaN NaN NaN NaN NaN NaN NaN NaN NaN NaN NaN NaN NaN NaN NaN NaN NaN NaN NaN NaN NaN NaN NaN NaN NaN NaN NaN NaN NaN NaN NaN NaN NaN NaN NaN NaN NaN NaN NaN NaN NaN NaN NaN NaN NaN NaN NaN NaN NaN NaN NaN NaN NaN NaN NaN NaN NaN NaN NaN NaN NaN NaN NaN NaN NaN NaN NaN NaN NaN NaN NaN NaN NaN NaN NaN NaN NaN NaN NaN NaN NaN NaN NaN NaN NaN NaN NaN NaN NaN NaN NaN NaN NaN NaN NaN NaN NaN NaN NaN NaN NaN NaN NaN NaN NaN NaN NaN NaN NaN NaN NaN NaN NaN NaN NaN NaN NaN NaN NaN NaN NaN NaN NaN NaN NaN NaN NaN NaN NaN NaN NaN NaN NaN NaN NaN NaN NaN NaN NaN NaN NaN NaN NaN NaN NaN NaN NaN NaN NaN NaN NaN NaN NaN NaN NaN NaN NaN NaN NaN NaN NaN NaN NaN NaN NaN NaN NaN NaN NaN NaN NaN NaN NaN NaN NaN NaN NaN NaN NaN NaN NaN NaN NaN NaN NaN NaN NaN NaN NaN NaN NaN NaN NaN NaN NaN NaN NaN NaN NaN NaN NaN NaN NaN NaN NaN NaN NaN NaN NaN NaN NaN NaN NaN NaN NaN NaN NaN NaN NaN NaN NaN NaN NaN NaN NaN NaN NaN NaN NaN NaN NaN NaN NaN NaN NaN NaN NaN NaN NaN NaN NaN NaN NaN NaN NaN NaN NaN NaN NaN NaN NaN NaN NaN NaN NaN NaN NaN NaN NaN NaN NaN NaN NaN NaN NaN NaN NaN NaN NaN NaN NaN NaN NaN NaN NaN NaN NaN NaN NaN NaN NaN NaN NaN NaN NaN NaN NaN NaN NaN NaN NaN NaN NaN NaN NaN NaN NaN NaN NaN NaN NaN NaN NaN NaN NaN NaN NaN NaN NaN NaN NaN NaN NaN NaN NaN NaN NaN NaN NaN NaN NaN NaN NaN NaN NaN NaN NaN NaN NaN NaN NaN NaN NaN NaN NaN NaN NaN
